p	d	Pr(p,d)
1	1	1.00
1	2	1.00
1	3	0.10
2	1	1.00
2	2	1.00
2	3	1.00
2	4	0.11
3	1	1.00
3	2	0.86
4	1	1.00
4	2	1.00
4	3	1.00
4	4	1.00
4	5	0.41
5	1	1.00
5	2	1.00
5	3	1.00
5	4	1.00
5	5	0.92
6	1	1.00
6	2	1.00
6	3	1.00
6	4	0.68
7	1	1.00
7	2	0.02
8	1	1.00
8	2	0.48
9	1	1.00
9	2	1.00
9	3	0.14
10	1	1.00
10	2	1.00
10	3	1.00
10	4	0.17
11	1	1.00
11	2	1.00
11	3	0.38
12	1	1.00
12	2	1.00
12	3	1.00
12	4	0.90
13	1	1.00
13	2	0.38
14	1	1.00
14	2	1.00
14	3	1.00
14	4	1.00
14	5	0.50
15	1	1.00
15	2	0.94
16	1	1.00
16	2	1.00
16	3	1.00
16	4	0.17
17	1	1.00
17	2	1.00
17	3	1.00
17	4	0.52
18	1	1.00
18	2	0.27
19	1	1.00
19	2	1.00
19	3	0.70
20	1	1.00
20	2	1.00
20	3	1.00
20	4	0.75
21	1	1.00
21	2	1.00
21	3	1.00
21	4	1.00
21	5	1.00
21	6	0.64
22	1	1.00
22	2	1.00
22	3	1.00
22	4	0.35
23	1	1.00
23	2	0.91
24	1	1.00
24	2	1.00
24	3	1.00
24	4	1.00
24	5	0.82
25	1	1.00
25	2	1.00
25	3	0.72
26	1	1.00
26	2	0.43
27	1	1.00
27	2	1.00
27	3	1.00
27	4	0.57
28	1	1.00
28	2	1.00
28	3	0.42
29	1	1.00
29	2	1.00
29	3	0.81
30	1	1.00
30	2	1.00
30	3	1.00
30	4	1.00
30	5	1.00
30	6	0.49
31	1	1.00
31	2	0.13
32	1	1.00
32	2	1.00
32	3	1.00
32	4	1.00
32	5	0.46
33	1	1.00
33	2	1.00
33	3	1.00
33	4	1.00
33	5	1.00
33	6	0.73
34	1	1.00
34	2	0.95
35	1	1.00
35	2	1.00
35	3	1.00
35	4	0.80
36	1	1.00
36	2	1.00
36	3	1.00
36	4	0.21
37	1	1.00
37	2	0.62
38	1	1.00
38	2	1.00
38	3	0.90
39	1	1.00
39	2	1.00
39	3	1.00
39	4	0.19
40	1	1.00
40	2	0.18
41	1	1.00
41	2	1.00
41	3	1.00
41	4	1.00
41	5	1.00
41	6	0.24
42	1	1.00
42	2	1.00
42	3	0.16
43	1	1.00
43	2	1.00
43	3	1.00
43	4	1.00
43	5	0.92
44	1	1.00
44	2	0.32
45	1	1.00
45	2	1.00
45	3	0.34
46	1	1.00
46	2	1.00
46	3	1.00
46	4	1.00
46	5	0.08
47	1	1.00
47	2	1.00
47	3	0.81
48	1	1.00
48	2	1.00
48	3	1.00
48	4	1.00
48	5	1.00
48	6	0.86
49	1	1.00
49	2	1.00
49	3	1.00
49	4	1.00
49	5	1.00
49	6	0.35
50	1	1.00
50	2	1.00
50	3	1.00
50	4	0.81
51	1	1.00
51	2	1.00
51	3	1.00
51	4	1.00
51	5	1.00
51	6	1.00
51	7	1.00
51	8	1.00
51	9	1.00
51	10	0.18
52	1	1.00
52	2	1.00
52	3	1.00
52	4	1.00
52	5	1.00
52	6	0.69
53	1	1.00
53	2	1.00
53	3	1.00
53	4	1.00
53	5	0.77
54	1	1.00
54	2	1.00
54	3	1.00
54	4	1.00
54	5	1.00
54	6	1.00
54	7	1.00
54	8	0.96
55	1	1.00
55	2	1.00
55	3	1.00
55	4	1.00
55	5	1.00
55	6	1.00
55	7	1.00
55	8	1.00
55	9	0.55
56	1	1.00
56	2	1.00
56	3	1.00
56	4	1.00
56	5	1.00
56	6	1.00
56	7	1.00
56	8	0.77
57	1	1.00
57	2	1.00
57	3	0.92
58	1	1.00
58	2	1.00
58	3	1.00
58	4	1.00
58	5	1.00
58	6	0.45
59	1	1.00
59	2	1.00
59	3	1.00
59	4	1.00
59	5	1.00
59	6	0.82
60	1	1.00
60	2	1.00
60	3	1.00
60	4	1.00
60	5	1.00
60	6	1.00
60	7	1.00
60	8	0.96
61	1	1.00
61	2	1.00
61	3	0.29
62	1	1.00
62	2	1.00
62	3	1.00
62	4	1.00
62	5	1.00
62	6	1.00
62	7	1.00
62	8	1.00
62	9	0.45
63	1	1.00
63	2	1.00
63	3	0.44
64	1	1.00
64	2	1.00
64	3	0.39
65	1	1.00
65	2	1.00
65	3	1.00
65	4	1.00
65	5	1.00
65	6	1.00
65	7	1.00
65	8	1.00
65	9	1.00
65	10	0.53
66	1	1.00
66	2	0.99
67	1	1.00
67	2	1.00
67	3	1.00
67	4	0.90
68	1	1.00
68	2	1.00
68	3	1.00
68	4	0.68
69	1	1.00
69	2	1.00
69	3	0.65
70	1	1.00
70	2	1.00
70	3	0.54
71	1	1.00
71	2	1.00
71	3	1.00
71	4	1.00
71	5	1.00
71	6	0.82
72	1	1.00
72	2	0.95
73	1	1.00
73	2	1.00
73	3	1.00
73	4	0.21
74	1	1.00
74	2	1.00
74	3	1.00
74	4	1.00
74	5	0.11
75	1	1.00
75	2	1.00
75	3	1.00
75	4	1.00
75	5	1.00
75	6	1.00
75	7	1.00
76	1	1.00
76	2	1.00
76	3	0.46
77	1	1.00
77	2	0.06
78	1	1.00
78	2	1.00
78	3	0.56
79	1	1.00
79	2	1.00
79	3	0.37
80	1	1.00
80	2	1.00
80	3	0.19
81	1	1.00
81	2	1.00
81	3	1.00
81	4	1.00
81	5	1.00
81	6	1.00
81	7	0.43
82	1	1.00
82	2	0.49
83	1	1.00
83	2	1.00
83	3	1.00
83	4	1.00
83	5	1.00
83	6	1.00
83	7	1.00
83	8	0.06
84	1	1.00
84	2	1.00
84	3	1.00
84	4	1.00
84	5	1.00
84	6	1.00
84	7	1.00
84	8	1.00
84	9	1.00
84	10	0.67
85	1	1.00
85	2	1.00
85	3	1.00
85	4	1.00
85	5	0.56
86	1	1.00
86	2	1.00
86	3	0.46
87	1	1.00
87	2	1.00
87	3	1.00
87	4	0.55
88	1	1.00
88	2	1.00
88	3	1.00
88	4	0.53
89	1	1.00
89	2	1.00
89	3	0.98
90	1	1.00
90	2	0.39
91	1	1.00
91	2	0.12
92	1	1.00
92	2	1.00
92	3	0.26
93	1	1.00
93	2	1.00
93	3	1.00
93	4	1.00
93	5	1.00
93	6	0.98
94	1	1.00
94	2	1.00
94	3	0.25
95	1	1.00
95	2	0.78
96	1	1.00
96	2	1.00
96	3	1.00
96	4	1.00
96	5	1.00
96	6	1.00
96	7	1.00
96	8	1.00
96	9	1.00
96	10	0.92
97	1	1.00
97	2	1.00
97	3	1.00
97	4	1.00
97	5	1.00
97	6	0.35
98	1	1.00
98	2	1.00
98	3	0.38
99	1	1.00
99	2	0.36
100	1	1.00
100	2	1.00
100	3	0.22
101	1	1.00
101	2	1.00
101	3	1.00
101	4	1.00
101	5	1.00
101	6	1.00
101	7	0.61
102	1	1.00
102	2	1.00
102	3	1.00
102	4	1.00
102	5	1.00
102	6	1.00
102	7	1.00
102	8	1.00
102	9	1.00
102	10	0.03
103	1	1.00
103	2	1.00
103	3	1.00
103	4	0.02
104	1	1.00
104	2	1.00
104	3	1.00
104	4	0.99
105	1	1.00
105	2	1.00
105	3	1.00
105	4	0.71
106	1	1.00
106	2	1.00
106	3	1.00
106	4	0.78
107	1	1.00
107	2	1.00
107	3	0.87
108	1	1.00
108	2	0.18
109	1	1.00
109	2	1.00
109	3	1.00
109	4	0.28
110	1	1.00
110	2	1.00
110	3	1.00
110	4	1.00
110	5	1.00
110	6	1.00
110	7	1.00
110	8	1.00
110	9	0.75
111	1	1.00
111	2	1.00
111	3	1.00
111	4	1.00
111	5	1.00
111	6	1.00
111	7	1.00
111	8	1.00
111	9	1.00
111	10	1.00
111	11	0.66
112	1	1.00
112	2	1.00
112	3	1.00
112	4	1.00
112	5	1.00
112	6	1.00
112	7	1.00
112	8	1.00
112	9	0.12
113	1	1.00
113	2	1.00
113	3	1.00
113	4	0.40
114	1	1.00
114	2	1.00
114	3	1.00
114	4	0.76
115	1	1.00
115	2	1.00
115	3	1.00
115	4	1.00
115	5	1.00
115	6	1.00
115	7	0.63
116	1	1.00
116	2	1.00
116	3	0.47
117	1	1.00
117	2	1.00
117	3	1.00
117	4	1.00
117	5	1.00
117	6	1.00
117	7	1.00
117	8	1.00
117	9	1.00
117	10	1.00
117	11	0.52
118	1	1.00
118	2	1.00
118	3	1.00
118	4	0.59
119	1	1.00
119	2	1.00
119	3	1.00
119	4	1.00
119	5	1.00
119	6	0.51
120	1	1.00
120	2	0.32
121	1	1.00
121	2	1.00
121	3	1.00
121	4	1.00
121	5	1.00
121	6	1.00
121	7	1.00
121	8	0.05
122	1	1.00
122	2	1.00
122	3	1.00
122	4	1.00
122	5	1.00
122	6	1.00
122	7	0.14
123	1	1.00
123	2	1.00
123	3	1.00
123	4	0.35
124	1	1.00
124	2	1.00
124	3	0.72
125	1	1.00
125	2	1.00
125	3	1.00
125	4	1.00
125	5	1.00
125	6	1.00
125	7	1.00
125	8	1.00
125	9	0.43
126	1	1.00
126	2	1.00
126	3	1.00
126	4	1.00
126	5	1.00
126	6	1.00
126	7	0.44
127	1	1.00
127	2	0.95
128	1	1.00
128	2	1.00
128	3	1.00
128	4	1.00
128	5	1.00
128	6	1.00
128	7	0.11
129	1	1.00
129	2	1.00
129	3	1.00
129	4	0.35
130	1	1.00
130	2	1.00
130	3	1.00
130	4	0.10
131	1	1.00
131	2	1.00
131	3	1.00
131	4	1.00
131	5	1.00
131	6	1.00
131	7	1.00
131	8	0.28
132	1	1.00
132	2	1.00
132	3	1.00
132	4	0.66
133	1	1.00
133	2	1.00
133	3	1.00
133	4	1.00
133	5	1.00
133	6	1.00
133	7	1.00
133	8	0.35
134	1	1.00
134	2	0.59
135	1	1.00
135	2	1.00
135	3	1.00
135	4	1.00
135	5	1.00
135	6	0.04
136	1	1.00
136	2	1.00
136	3	1.00
136	4	1.00
136	5	1.00
136	6	1.00
136	7	1.00
136	8	0.24
137	1	1.00
137	2	1.00
137	3	1.00
137	4	1.00
137	5	1.00
137	6	1.00
137	7	1.00
137	8	0.40
138	1	1.00
138	2	1.00
138	3	0.99
139	1	1.00
139	2	1.00
139	3	1.00
139	4	1.00
139	5	1.00
139	6	1.00
139	7	1.00
139	8	0.70
140	1	1.00
140	2	0.58
141	1	1.00
141	2	1.00
141	3	1.00
141	4	1.00
141	5	1.00
141	6	0.81
142	1	1.00
142	2	1.00
142	3	1.00
142	4	1.00
142	5	1.00
142	6	1.00
142	7	1.00
142	8	1.00
142	9	1.00
142	10	0.89
143	1	1.00
143	2	1.00
143	3	1.00
143	4	1.00
143	5	1.00
143	6	1.00
143	7	0.32
144	1	1.00
144	2	0.77
145	1	1.00
145	2	1.00
145	3	0.75
146	1	1.00
146	2	1.00
146	3	1.00
146	4	0.53
147	1	1.00
147	2	0.67
148	1	1.00
148	2	1.00
148	3	1.00
148	4	1.00
148	5	0.35
149	1	1.00
149	2	1.00
149	3	1.00
149	4	1.00
149	5	0.36
150	1	1.00
150	2	1.00
150	3	0.15
151	1	1.00
151	2	1.00
151	3	0.11
152	1	1.00
152	2	1.00
152	3	1.00
152	4	1.00
152	5	1.00
152	6	1.00
152	7	1.00
152	8	0.74
153	1	1.00
153	2	0.15
154	1	1.00
154	2	1.00
154	3	1.00
154	4	1.00
154	5	1.00
154	6	1.00
154	7	1.00
154	8	1.00
154	9	1.00
154	10	0.77
155	1	1.00
155	2	1.00
155	3	1.00
155	4	1.00
155	5	0.61
156	1	1.00
156	2	1.00
156	3	1.00
156	4	1.00
156	5	1.00
156	6	0.07
157	1	1.00
157	2	1.00
157	3	1.00
157	4	0.92
158	1	1.00
158	2	1.00
158	3	1.00
158	4	0.45
159	1	1.00
159	2	1.00
159	3	0.60
160	1	1.00
160	2	1.00
160	3	1.00
160	4	1.00
160	5	1.00
160	6	1.00
160	7	1.00
160	8	1.00
160	9	0.56
161	1	1.00
161	2	1.00
161	3	1.00
161	4	1.00
161	5	1.00
161	6	1.00
161	7	0.48
162	1	1.00
162	2	0.87
163	1	1.00
163	2	1.00
163	3	0.41
164	1	1.00
164	2	1.00
164	3	1.00
164	4	1.00
164	5	1.00
164	6	1.00
164	7	1.00
164	8	0.65
165	1	1.00
165	2	1.00
165	3	1.00
165	4	0.42
166	1	1.00
166	2	1.00
166	3	0.11
167	1	1.00
167	2	1.00
167	3	1.00
167	4	1.00
167	5	1.00
167	6	1.00
167	7	1.00
167	8	1.00
167	9	0.05
168	1	1.00
168	2	1.00
168	3	0.04
169	1	1.00
169	2	1.00
169	3	1.00
169	4	0.62
170	1	1.00
170	2	1.00
170	3	0.02
171	1	1.00
171	2	1.00
171	3	1.00
171	4	0.33
172	1	1.00
172	2	1.00
172	3	0.26
173	1	1.00
173	2	1.00
173	3	0.06
174	1	1.00
174	2	1.00
174	3	1.00
174	4	1.00
174	5	1.00
174	6	1.00
174	7	1.00
174	8	0.69
175	1	1.00
175	2	1.00
175	3	0.68
176	1	1.00
176	2	1.00
176	3	1.00
176	4	1.00
176	5	1.00
176	6	1.00
176	7	1.00
176	8	1.00
176	9	1.00
176	10	1.00
176	11	0.09
177	1	1.00
177	2	1.00
177	3	1.00
177	4	1.00
177	5	1.00
177	6	1.00
177	7	1.00
177	8	0.73
178	1	1.00
178	2	0.02
179	1	1.00
179	2	1.00
179	3	1.00
179	4	1.00
179	5	1.00
179	6	1.00
179	7	1.00
179	8	1.00
179	9	0.30
180	1	1.00
180	2	1.00
180	3	1.00
180	4	1.00
180	5	0.60
181	1	1.00
181	2	1.00
181	3	1.00
181	4	1.00
181	5	1.00
181	6	1.00
181	7	0.88
182	1	1.00
182	2	1.00
182	3	1.00
182	4	1.00
182	5	1.00
182	6	1.00
182	7	0.92
183	1	1.00
183	2	0.55
184	1	1.00
184	2	1.00
184	3	1.00
184	4	1.00
184	5	1.00
184	6	1.00
184	7	1.00
184	8	1.00
184	9	0.24
185	1	1.00
185	2	1.00
185	3	0.31
186	1	1.00
186	2	1.00
186	3	0.47
187	1	1.00
187	2	1.00
187	3	0.85
188	1	1.00
188	2	1.00
188	3	1.00
188	4	1.00
188	5	1.00
188	6	1.00
188	7	1.00
188	8	1.00
188	9	0.35
189	1	1.00
189	2	1.00
189	3	1.00
189	4	1.00
189	5	1.00
189	6	1.00
189	7	1.00
189	8	1.00
189	9	0.89
190	1	1.00
190	2	1.00
190	3	1.00
190	4	1.00
190	5	1.00
190	6	0.29
191	1	1.00
191	2	1.00
191	3	1.00
191	4	1.00
191	5	1.00
191	6	0.36
192	1	1.00
192	2	1.00
192	3	1.00
192	4	0.35
193	1	1.00
193	2	1.00
193	3	1.00
193	4	1.00
193	5	1.00
193	6	0.11
194	1	1.00
194	2	1.00
194	3	1.00
194	4	1.00
194	5	0.47
195	1	1.00
195	2	1.00
195	3	1.00
195	4	0.13
196	1	1.00
196	2	1.00
196	3	1.00
196	4	1.00
196	5	1.00
196	6	1.00
196	7	1.00
196	8	1.00
196	9	1.00
196	10	1.00
196	11	0.65
197	1	1.00
197	2	1.00
197	3	1.00
197	4	1.00
197	5	1.00
197	6	0.76
198	1	1.00
198	2	1.00
198	3	1.00
198	4	1.00
198	5	1.00
198	6	1.00
198	7	1.00
198	8	1.00
198	9	0.23
199	1	1.00
199	2	1.00
199	3	1.00
199	4	1.00
199	5	1.00
199	6	1.00
199	7	1.00
199	8	0.77
200	1	1.00
200	2	1.00
200	3	1.00
200	4	1.00
200	5	1.00
200	6	0.66
201	1	1.00
201	2	1.00
201	3	1.00
201	4	1.00
201	5	1.00
201	6	0.95
202	1	1.00
202	2	1.00
202	3	1.00
202	4	1.00
202	5	0.76
203	1	1.00
203	2	1.00
203	3	0.77
204	1	1.00
204	2	1.00
204	3	1.00
204	4	1.00
204	5	1.00
204	6	1.00
204	7	0.71
205	1	1.00
205	2	1.00
205	3	1.00
205	4	0.02
206	1	1.00
206	2	1.00
206	3	0.67
207	1	1.00
207	2	1.00
207	3	1.00
207	4	1.00
207	5	1.00
207	6	0.31
208	1	1.00
208	2	1.00
208	3	1.00
208	4	1.00
208	5	1.00
208	6	1.00
208	7	1.00
208	8	0.11
209	1	1.00
209	2	1.00
209	3	0.56
210	1	1.00
210	2	1.00
210	3	1.00
210	4	0.19
211	1	1.00
211	2	1.00
211	3	1.00
211	4	0.75
212	1	1.00
212	2	1.00
212	3	1.00
212	4	0.53
213	1	1.00
213	2	1.00
213	3	1.00
213	4	0.34
214	1	1.00
214	2	1.00
214	3	1.00
214	4	1.00
214	5	1.00
214	6	0.46
215	1	1.00
215	2	0.78
216	1	1.00
216	2	1.00
216	3	1.00
216	4	1.00
216	5	1.00
216	6	1.00
216	7	0.49
217	1	1.00
217	2	1.00
217	3	0.44
218	1	1.00
218	2	1.00
218	3	1.00
218	4	1.00
218	5	1.00
218	6	1.00
218	7	1.00
218	8	1.00
218	9	1.00
218	10	0.87
219	1	1.00
219	2	0.44
220	1	1.00
220	2	1.00
220	3	1.00
220	4	1.00
220	5	1.00
220	6	1.00
220	7	1.00
220	8	1.00
220	9	0.85
221	1	1.00
221	2	1.00
221	3	1.00
221	4	1.00
221	5	1.00
221	6	1.00
221	7	1.00
221	8	0.34
222	1	1.00
222	2	1.00
222	3	1.00
222	4	1.00
222	5	1.00
222	6	1.00
222	7	0.85
223	1	1.00
223	2	1.00
223	3	0.92
224	1	1.00
224	2	1.00
224	3	0.34
225	1	1.00
225	2	1.00
225	3	0.30
226	1	1.00
226	2	1.00
226	3	0.64
227	1	1.00
227	2	1.00
227	3	1.00
227	4	1.00
227	5	1.00
227	6	1.00
227	7	1.00
227	8	0.77
228	1	1.00
228	2	1.00
228	3	1.00
228	4	0.81
229	1	1.00
229	2	1.00
229	3	1.00
229	4	1.00
229	5	1.00
229	6	0.46
230	1	1.00
230	2	0.51
231	1	1.00
231	2	1.00
231	3	1.00
231	4	1.00
231	5	1.00
231	6	1.00
231	7	1.00
231	8	0.06
232	1	1.00
232	2	1.00
232	3	1.00
232	4	1.00
232	5	0.44
233	1	1.00
233	2	1.00
233	3	0.77
234	1	1.00
234	2	1.00
234	3	1.00
234	4	1.00
234	5	1.00
234	6	0.88
235	1	1.00
235	2	1.00
235	3	1.00
235	4	1.00
235	5	1.00
235	6	1.00
235	7	1.00
235	8	0.03
236	1	1.00
236	2	1.00
236	3	1.00
236	4	1.00
236	5	0.36
237	1	1.00
237	2	1.00
237	3	1.00
237	4	1.00
237	5	1.00
237	6	1.00
237	7	0.04
238	1	1.00
238	2	0.54
239	1	1.00
239	2	1.00
239	3	1.00
239	4	1.00
239	5	1.00
239	6	1.00
239	7	1.00
239	8	1.00
239	9	1.00
239	10	1.00
239	11	0.94
240	1	1.00
240	2	1.00
240	3	1.00
240	4	0.12
241	1	1.00
241	2	1.00
241	3	1.00
241	4	0.82
242	1	1.00
242	2	1.00
242	3	1.00
242	4	1.00
242	5	1.00
242	6	1.00
242	7	1.00
242	8	1.00
242	9	0.01
243	1	1.00
243	2	1.00
243	3	1.00
243	4	0.71
244	1	1.00
244	2	1.00
244	3	1.00
244	4	0.44
245	1	1.00
245	2	1.00
245	3	0.94
246	1	1.00
246	2	1.00
246	3	1.00
246	4	1.00
246	5	1.00
246	6	0.55
247	1	1.00
247	2	1.00
247	3	1.00
247	4	1.00
247	5	0.25
248	1	1.00
248	2	1.00
248	3	1.00
248	4	0.66
249	1	1.00
249	2	1.00
249	3	1.00
249	4	1.00
249	5	1.00
249	6	0.44
250	1	1.00
250	2	1.00
250	3	1.00
250	4	1.00
250	5	1.00
250	6	1.00
250	7	1.00
250	8	1.00
250	9	1.00
250	10	0.48
251	1	1.00
251	2	1.00
251	3	1.00
251	4	1.00
251	5	1.00
251	6	1.00
251	7	0.60
252	1	1.00
252	2	0.18
253	1	1.00
253	2	1.00
253	3	1.00
253	4	1.00
253	5	1.00
253	6	1.00
253	7	1.00
253	8	1.00
253	9	1.00
253	10	0.95
254	1	1.00
254	2	1.00
254	3	0.14
255	1	1.00
255	2	1.00
255	3	1.00
255	4	0.96
256	1	1.00
256	2	1.00
256	3	1.00
256	4	0.58
257	1	1.00
257	2	1.00
257	3	1.00
257	4	1.00
257	5	1.00
257	6	1.00
257	7	1.00
257	8	1.00
257	9	0.41
258	1	1.00
258	2	1.00
258	3	1.00
258	4	1.00
258	5	1.00
258	6	1.00
258	7	1.00
258	8	0.19
259	1	1.00
259	2	0.48
260	1	1.00
260	2	1.00
260	3	1.00
260	4	1.00
260	5	0.06
261	1	1.00
261	2	1.00
261	3	1.00
261	4	1.00
261	5	0.02
262	1	1.00
262	2	1.00
262	3	1.00
262	4	0.72
263	1	1.00
263	2	1.00
263	3	1.00
263	4	1.00
263	5	1.00
263	6	1.00
263	7	1.00
263	8	1.00
264	1	1.00
264	2	1.00
264	3	1.00
264	4	1.00
264	5	1.00
264	6	0.28
265	1	1.00
265	2	1.00
265	3	1.00
265	4	0.23
266	1	1.00
266	2	0.21
267	1	1.00
267	2	1.00
267	3	1.00
267	4	0.85
268	1	1.00
268	2	1.00
268	3	1.00
268	4	1.00
268	5	1.00
268	6	1.00
268	7	1.00
268	8	0.74
269	1	1.00
269	2	1.00
269	3	0.97
270	1	1.00
270	2	0.51
271	1	1.00
271	2	1.00
271	3	1.00
271	4	1.00
271	5	1.00
271	6	0.78
272	1	1.00
272	2	0.08
273	1	1.00
273	2	1.00
273	3	1.00
273	4	1.00
273	5	0.34
274	1	1.00
274	2	1.00
274	3	0.64
275	1	1.00
275	2	0.87
276	1	1.00
276	2	1.00
276	3	1.00
276	4	1.00
276	5	0.01
277	1	1.00
277	2	1.00
277	3	1.00
277	4	1.00
277	5	1.00
277	6	1.00
277	7	1.00
277	8	1.00
277	9	1.00
277	10	1.00
277	11	0.71
278	1	1.00
278	2	1.00
278	3	0.22
279	1	1.00
279	2	0.08
280	1	1.00
280	2	0.45
281	1	1.00
281	2	1.00
281	3	1.00
281	4	1.00
281	5	0.56
282	1	1.00
282	2	1.00
282	3	1.00
282	4	0.33
283	1	1.00
283	2	1.00
283	3	0.78
284	1	1.00
284	2	1.00
284	3	1.00
284	4	1.00
284	5	1.00
284	6	1.00
284	7	1.00
284	8	1.00
284	9	0.00
285	1	1.00
285	2	1.00
285	3	1.00
285	4	1.00
285	5	0.79
286	1	1.00
286	2	1.00
286	3	1.00
286	4	1.00
286	5	1.00
286	6	1.00
286	7	0.07
287	1	1.00
287	2	1.00
287	3	0.32
288	1	1.00
288	2	1.00
288	3	1.00
288	4	1.00
288	5	1.00
288	6	1.00
288	7	1.00
288	8	0.88
289	1	1.00
289	2	1.00
289	3	1.00
289	4	0.61
290	1	1.00
290	2	1.00
290	3	1.00
290	4	0.43
291	1	1.00
291	2	0.62
292	1	1.00
292	2	1.00
292	3	1.00
292	4	1.00
292	5	1.00
292	6	0.04
293	1	1.00
293	2	1.00
293	3	1.00
293	4	1.00
293	5	1.00
293	6	1.00
293	7	1.00
293	8	1.00
293	9	0.74
294	1	1.00
294	2	1.00
294	3	0.20
295	1	1.00
295	2	1.00
295	3	0.75
296	1	1.00
296	2	0.78
297	1	1.00
297	2	1.00
297	3	1.00
297	4	1.00
297	5	1.00
297	6	1.00
297	7	1.00
297	8	1.00
297	9	1.00
297	10	0.14
298	1	1.00
298	2	1.00
298	3	1.00
298	4	0.52
299	1	1.00
299	2	1.00
299	3	1.00
299	4	1.00
299	5	1.00
299	6	1.00
299	7	1.00
299	8	1.00
299	9	1.00
299	10	0.57
300	1	1.00
300	2	1.00
300	3	1.00
300	4	1.00
300	5	1.00
300	6	1.00
300	7	1.00
300	8	0.39
301	1	1.00
301	2	1.00
301	3	0.15
302	1	1.00
302	2	1.00
302	3	1.00
302	4	1.00
302	5	1.00
302	6	1.00
302	7	1.00
302	8	1.00
302	9	1.00
302	10	0.12
303	1	1.00
303	2	1.00
303	3	0.57
304	1	1.00
304	2	1.00
304	3	1.00
304	4	1.00
304	5	1.00
304	6	1.00
304	7	0.99
305	1	1.00
305	2	1.00
305	3	1.00
305	4	1.00
305	5	1.00
305	6	1.00
305	7	1.00
305	8	1.00
305	9	0.90
306	1	1.00
306	2	1.00
306	3	1.00
306	4	1.00
306	5	1.00
306	6	1.00
306	7	1.00
306	8	1.00
306	9	0.82
307	1	1.00
307	2	1.00
307	3	1.00
307	4	1.00
307	5	1.00
307	6	0.11
308	1	1.00
308	2	1.00
308	3	1.00
308	4	1.00
308	5	1.00
308	6	1.00
308	7	1.00
308	8	0.14
309	1	1.00
309	2	1.00
309	3	1.00
309	4	1.00
309	5	1.00
309	6	1.00
309	7	1.00
309	8	1.00
309	9	0.35
310	1	1.00
310	2	1.00
310	3	1.00
310	4	1.00
310	5	1.00
310	6	0.75
311	1	1.00
311	2	1.00
311	3	1.00
311	4	1.00
311	5	1.00
311	6	1.00
311	7	1.00
311	8	1.00
311	9	1.00
311	10	0.84
312	1	1.00
312	2	1.00
312	3	1.00
312	4	0.05
313	1	1.00
313	2	1.00
313	3	0.87
314	1	1.00
314	2	0.33
315	1	1.00
315	2	1.00
315	3	1.00
315	4	0.73
316	1	1.00
316	2	1.00
316	3	0.96
317	1	1.00
317	2	0.39
318	1	1.00
318	2	1.00
318	3	1.00
318	4	1.00
318	5	1.00
318	6	1.00
318	7	1.00
318	8	1.00
318	9	1.00
318	10	1.00
318	11	0.83
319	1	1.00
319	2	1.00
319	3	1.00
319	4	1.00
319	5	0.04
320	1	1.00
320	2	1.00
320	3	1.00
320	4	1.00
320	5	1.00
320	6	1.00
320	7	1.00
320	8	0.89
321	1	1.00
321	2	1.00
321	3	1.00
321	4	1.00
321	5	1.00
321	6	0.26
322	1	1.00
322	2	1.00
322	3	0.80
323	1	1.00
323	2	1.00
323	3	0.98
324	1	1.00
324	2	1.00
324	3	0.78
325	1	1.00
325	2	1.00
325	3	0.64
326	1	1.00
326	2	1.00
326	3	1.00
326	4	1.00
326	5	1.00
326	6	1.00
326	7	1.00
326	8	0.63
327	1	1.00
327	2	1.00
327	3	1.00
327	4	0.91
328	1	1.00
328	2	1.00
328	3	1.00
328	4	1.00
328	5	1.00
328	6	1.00
328	7	0.11
329	1	1.00
329	2	1.00
329	3	1.00
329	4	0.48
330	1	1.00
330	2	1.00
330	3	0.36
331	1	1.00
331	2	1.00
331	3	0.95
332	1	1.00
332	2	0.97
333	1	1.00
333	2	1.00
333	3	1.00
333	4	1.00
333	5	1.00
333	6	0.00
334	1	1.00
334	2	1.00
334	3	0.63
335	1	1.00
335	2	1.00
335	3	1.00
335	4	1.00
335	5	1.00
335	6	1.00
335	7	1.00
335	8	1.00
335	9	0.27
336	1	1.00
336	2	1.00
336	3	1.00
336	4	1.00
336	5	1.00
336	6	1.00
336	7	1.00
336	8	1.00
336	9	0.75
337	1	1.00
337	2	1.00
337	3	0.45
338	1	1.00
338	2	1.00
338	3	1.00
338	4	0.56
339	1	1.00
339	2	1.00
339	3	1.00
339	4	1.00
339	5	0.94
340	1	1.00
340	2	1.00
340	3	0.35
341	1	1.00
341	2	1.00
341	3	0.97
342	1	1.00
342	2	1.00
342	3	1.00
342	4	0.28
343	1	1.00
343	2	1.00
343	3	0.38
344	1	1.00
344	2	1.00
344	3	0.81
345	1	1.00
345	2	1.00
345	3	1.00
345	4	1.00
345	5	1.00
345	6	1.00
345	7	0.75
346	1	1.00
346	2	1.00
346	3	1.00
346	4	1.00
346	5	1.00
346	6	1.00
346	7	1.00
346	8	1.00
346	9	1.00
346	10	1.00
346	11	0.04
347	1	1.00
347	2	1.00
347	3	0.09
348	1	1.00
348	2	1.00
348	3	1.00
348	4	1.00
348	5	1.00
348	6	0.52
349	1	1.00
349	2	1.00
349	3	1.00
349	4	1.00
349	5	1.00
349	6	1.00
349	7	1.00
349	8	1.00
349	9	0.95
350	1	1.00
350	2	1.00
350	3	1.00
350	4	1.00
350	5	1.00
350	6	1.00
350	7	0.89
351	1	1.00
351	2	1.00
351	3	1.00
351	4	0.81
352	1	1.00
352	2	1.00
352	3	0.47
353	1	1.00
353	2	1.00
353	3	1.00
353	4	0.54
354	1	1.00
354	2	1.00
354	3	1.00
354	4	1.00
354	5	1.00
354	6	1.00
354	7	0.77
355	1	1.00
355	2	1.00
355	3	1.00
355	4	1.00
355	5	1.00
355	6	1.00
355	7	0.39
356	1	1.00
356	2	1.00
356	3	1.00
356	4	1.00
356	5	1.00
356	6	1.00
356	7	1.00
356	8	1.00
356	9	1.00
356	10	0.21
357	1	1.00
357	2	1.00
357	3	0.16
358	1	1.00
358	2	1.00
358	3	1.00
358	4	1.00
358	5	1.00
358	6	1.00
358	7	1.00
358	8	1.00
358	9	1.00
358	10	1.00
358	11	0.36
359	1	1.00
359	2	1.00
359	3	1.00
359	4	1.00
359	5	1.00
359	6	0.95
360	1	1.00
360	2	0.91
361	1	1.00
361	2	1.00
361	3	0.10
362	1	1.00
362	2	1.00
362	3	1.00
362	4	0.30
363	1	1.00
363	2	1.00
363	3	1.00
363	4	0.99
364	1	1.00
364	2	1.00
364	3	1.00
364	4	1.00
364	5	1.00
364	6	0.53
365	1	1.00
365	2	1.00
365	3	1.00
365	4	1.00
365	5	1.00
365	6	1.00
365	7	1.00
365	8	0.15
366	1	1.00
366	2	1.00
366	3	1.00
366	4	1.00
366	5	1.00
366	6	1.00
366	7	0.53
367	1	1.00
367	2	1.00
367	3	1.00
367	4	1.00
367	5	1.00
367	6	1.00
367	7	1.00
367	8	1.00
367	9	1.00
367	10	1.00
367	11	0.96
368	1	1.00
368	2	1.00
368	3	1.00
368	4	0.80
369	1	1.00
369	2	1.00
369	3	1.00
369	4	1.00
369	5	0.82
370	1	1.00
370	2	1.00
370	3	0.84
371	1	1.00
371	2	1.00
371	3	1.00
371	4	1.00
371	5	1.00
371	6	1.00
371	7	1.00
371	8	0.31
372	1	1.00
372	2	1.00
372	3	0.84
373	1	1.00
373	2	1.00
373	3	0.48
374	1	1.00
374	2	1.00
374	3	0.89
375	1	1.00
375	2	1.00
375	3	1.00
375	4	1.00
375	5	1.00
375	6	1.00
375	7	1.00
375	8	1.00
375	9	1.00
375	10	0.64
376	1	1.00
376	2	1.00
376	3	0.16
377	1	1.00
377	2	1.00
377	3	1.00
377	4	1.00
377	5	1.00
377	6	1.00
377	7	1.00
377	8	1.00
377	9	0.71
378	1	1.00
378	2	1.00
378	3	1.00
378	4	1.00
378	5	1.00
378	6	1.00
378	7	1.00
378	8	1.00
378	9	1.00
378	10	1.00
378	11	0.25
379	1	1.00
379	2	1.00
379	3	1.00
379	4	1.00
379	5	0.02
380	1	1.00
380	2	1.00
380	3	0.62
381	1	1.00
381	2	1.00
381	3	1.00
381	4	1.00
381	5	1.00
381	6	0.84
382	1	1.00
382	2	0.74
383	1	1.00
383	2	1.00
383	3	1.00
383	4	1.00
383	5	1.00
383	6	0.92
384	1	1.00
384	2	0.34
385	1	1.00
385	2	1.00
385	3	0.56
386	1	1.00
386	2	1.00
386	3	1.00
386	4	0.74
387	1	1.00
387	2	1.00
387	3	1.00
387	4	1.00
387	5	1.00
387	6	1.00
387	7	1.00
387	8	0.43
388	1	1.00
388	2	1.00
388	3	1.00
388	4	1.00
388	5	1.00
388	6	1.00
388	7	0.97
389	1	1.00
389	2	1.00
389	3	1.00
389	4	1.00
389	5	0.52
390	1	1.00
390	2	1.00
390	3	1.00
390	4	1.00
390	5	1.00
390	6	1.00
390	7	1.00
390	8	0.23
391	1	1.00
391	2	1.00
391	3	1.00
391	4	1.00
391	5	1.00
391	6	1.00
391	7	1.00
391	8	1.00
391	9	1.00
391	10	1.00
391	11	0.72
392	1	1.00
392	2	1.00
392	3	1.00
392	4	1.00
392	5	1.00
392	6	1.00
392	7	1.00
392	8	1.00
392	9	1.00
392	10	1.00
392	11	0.69
393	1	1.00
393	2	1.00
393	3	1.00
393	4	1.00
393	5	1.00
393	6	1.00
393	7	1.00
393	8	0.28
394	1	1.00
394	2	1.00
394	3	1.00
394	4	1.00
394	5	1.00
394	6	1.00
394	7	1.00
394	8	1.00
394	9	1.00
394	10	0.73
395	1	1.00
395	2	0.22
396	1	1.00
396	2	1.00
396	3	0.01
397	1	1.00
397	2	1.00
397	3	1.00
397	4	1.00
397	5	1.00
397	6	1.00
397	7	1.00
397	8	0.43
398	1	1.00
398	2	1.00
398	3	1.00
398	4	1.00
398	5	1.00
398	6	1.00
398	7	1.00
398	8	1.00
398	9	0.08
399	1	1.00
399	2	1.00
399	3	1.00
399	4	1.00
399	5	0.08
400	1	1.00
400	2	1.00
400	3	1.00
400	4	0.63
401	1	1.00
401	2	1.00
401	3	1.00
401	4	1.00
401	5	0.14
402	1	1.00
402	2	1.00
402	3	1.00
402	4	1.00
402	5	1.00
402	6	1.00
402	7	1.00
402	8	1.00
402	9	0.82
403	1	1.00
403	2	1.00
403	3	1.00
403	4	1.00
403	5	1.00
403	6	1.00
403	7	1.00
403	8	1.00
403	9	0.60
404	1	1.00
404	2	1.00
404	3	1.00
404	4	0.53
405	1	1.00
405	2	1.00
405	3	1.00
405	4	1.00
405	5	1.00
405	6	1.00
405	7	1.00
405	8	1.00
405	9	0.06
406	1	1.00
406	2	1.00
406	3	1.00
406	4	0.18
407	1	1.00
407	2	1.00
407	3	0.11
408	1	1.00
408	2	1.00
408	3	0.86
409	1	1.00
409	2	1.00
409	3	1.00
409	4	1.00
409	5	1.00
409	6	1.00
409	7	1.00
409	8	1.00
409	9	1.00
409	10	0.80
410	1	1.00
410	2	1.00
410	3	1.00
410	4	0.60
411	1	1.00
411	2	1.00
411	3	1.00
411	4	0.93
412	1	1.00
412	2	1.00
412	3	0.72
413	1	1.00
413	2	1.00
413	3	1.00
413	4	1.00
413	5	1.00
413	6	1.00
413	7	0.77
414	1	1.00
414	2	1.00
414	3	0.28
415	1	1.00
415	2	1.00
415	3	1.00
415	4	0.09
416	1	1.00
416	2	1.00
416	3	1.00
416	4	1.00
416	5	1.00
416	6	1.00
416	7	1.00
416	8	1.00
416	9	0.82
417	1	1.00
417	2	0.49
418	1	1.00
418	2	0.74
419	1	1.00
419	2	1.00
419	3	1.00
419	4	0.26
420	1	1.00
420	2	1.00
420	3	1.00
420	4	1.00
420	5	1.00
420	6	1.00
420	7	1.00
420	8	1.00
420	9	0.54
421	1	1.00
421	2	0.82
422	1	1.00
422	2	1.00
422	3	0.65
423	1	1.00
423	2	1.00
423	3	1.00
423	4	1.00
423	5	1.00
423	6	1.00
423	7	1.00
423	8	1.00
423	9	0.30
424	1	1.00
424	2	1.00
424	3	0.19
425	1	1.00
425	2	1.00
425	3	1.00
425	4	1.00
425	5	0.42
426	1	1.00
426	2	1.00
426	3	0.54
427	1	1.00
427	2	1.00
427	3	1.00
427	4	1.00
427	5	0.45
428	1	1.00
428	2	1.00
428	3	0.90
429	1	1.00
429	2	1.00
429	3	1.00
429	4	1.00
429	5	1.00
429	6	1.00
429	7	1.00
429	8	0.30
430	1	1.00
430	2	1.00
430	3	1.00
430	4	1.00
430	5	1.00
430	6	1.00
430	7	1.00
430	8	1.00
430	9	1.00
430	10	1.00
430	11	0.47
431	1	1.00
431	2	1.00
431	3	0.99
432	1	1.00
432	2	1.00
432	3	1.00
432	4	1.00
432	5	0.17
433	1	1.00
433	2	1.00
433	3	1.00
433	4	1.00
433	5	1.00
433	6	1.00
433	7	1.00
433	8	0.51
434	1	1.00
434	2	1.00
434	3	1.00
434	4	1.00
434	5	1.00
434	6	1.00
434	7	1.00
434	8	1.00
434	9	1.00
434	10	1.00
434	11	0.08
435	1	1.00
435	2	1.00
435	3	1.00
435	4	1.00
435	5	1.00
435	6	1.00
435	7	0.10
436	1	1.00
436	2	1.00
436	3	1.00
436	4	1.00
436	5	0.27
437	1	1.00
437	2	1.00
437	3	1.00
437	4	1.00
437	5	1.00
437	6	1.00
437	7	0.26
438	1	1.00
438	2	1.00
438	3	1.00
438	4	1.00
438	5	1.00
438	6	0.81
439	1	1.00
439	2	1.00
439	3	0.48
440	1	1.00
440	2	1.00
440	3	0.06
441	1	1.00
441	2	1.00
441	3	1.00
441	4	0.54
442	1	1.00
442	2	1.00
442	3	1.00
442	4	1.00
442	5	0.19
443	1	1.00
443	2	1.00
443	3	1.00
443	4	1.00
443	5	1.00
443	6	1.00
443	7	1.00
443	8	0.82
444	1	1.00
444	2	1.00
444	3	1.00
444	4	1.00
444	5	1.00
444	6	1.00
444	7	1.00
444	8	1.00
444	9	0.29
445	1	1.00
445	2	1.00
445	3	1.00
445	4	1.00
445	5	1.00
445	6	1.00
445	7	1.00
445	8	1.00
445	9	1.00
445	10	0.05
446	1	1.00
446	2	1.00
446	3	0.63
447	1	1.00
447	2	1.00
447	3	1.00
447	4	1.00
447	5	1.00
447	6	1.00
447	7	1.00
447	8	1.00
447	9	0.79
448	1	1.00
448	2	1.00
448	3	1.00
448	4	1.00
448	5	0.39
449	1	1.00
449	2	1.00
449	3	0.04
450	1	1.00
450	2	1.00
450	3	1.00
450	4	1.00
450	5	0.56
451	1	1.00
451	2	1.00
451	3	1.00
451	4	1.00
451	5	1.00
451	6	0.28
452	1	1.00
452	2	1.00
452	3	0.16
453	1	1.00
453	2	1.00
453	3	1.00
453	4	1.00
453	5	1.00
453	6	1.00
453	7	1.00
453	8	1.00
453	9	1.00
453	10	0.08
454	1	1.00
454	2	1.00
454	3	1.00
454	4	1.00
454	5	0.79
455	1	1.00
455	2	1.00
455	3	1.00
455	4	1.00
455	5	1.00
455	6	1.00
455	7	1.00
455	8	1.00
455	9	1.00
455	10	1.00
455	11	0.77
456	1	1.00
456	2	1.00
456	3	1.00
456	4	0.88
457	1	1.00
457	2	1.00
457	3	1.00
457	4	1.00
457	5	0.93
458	1	1.00
458	2	0.53
459	1	1.00
459	2	1.00
459	3	1.00
459	4	0.70
460	1	1.00
460	2	1.00
460	3	0.13
461	1	1.00
461	2	1.00
461	3	0.37
462	1	1.00
462	2	1.00
462	3	1.00
462	4	0.04
463	1	1.00
463	2	0.44
464	1	1.00
464	2	1.00
464	3	0.18
465	1	1.00
465	2	1.00
465	3	1.00
465	4	1.00
465	5	0.35
466	1	1.00
466	2	1.00
466	3	1.00
466	4	1.00
466	5	1.00
466	6	1.00
466	7	0.13
467	1	1.00
467	2	1.00
467	3	0.55
468	1	1.00
468	2	1.00
468	3	0.14
469	1	1.00
469	2	1.00
469	3	1.00
469	4	0.89
470	1	1.00
470	2	0.18
471	1	1.00
471	2	1.00
471	3	1.00
471	4	1.00
471	5	1.00
471	6	1.00
471	7	1.00
471	8	1.00
471	9	1.00
471	10	1.00
471	11	0.49
472	1	1.00
472	2	0.87
473	1	1.00
473	2	1.00
473	3	1.00
473	4	0.94
474	1	1.00
474	2	0.35
475	1	1.00
475	2	1.00
475	3	1.00
475	4	1.00
475	5	1.00
475	6	1.00
475	7	1.00
475	8	1.00
475	9	0.15
476	1	1.00
476	2	1.00
476	3	1.00
476	4	1.00
476	5	1.00
476	6	1.00
476	7	1.00
476	8	1.00
476	9	0.26
477	1	1.00
477	2	1.00
477	3	0.05
478	1	1.00
478	2	0.95
479	1	1.00
479	2	1.00
479	3	1.00
479	4	1.00
479	5	1.00
479	6	1.00
479	7	1.00
479	8	0.64
480	1	1.00
480	2	1.00
480	3	1.00
480	4	1.00
480	5	1.00
480	6	1.00
480	7	1.00
480	8	1.00
480	9	0.46
481	1	1.00
481	2	1.00
481	3	1.00
481	4	1.00
481	5	1.00
481	6	1.00
481	7	1.00
481	8	1.00
481	9	1.00
481	10	0.21
482	1	1.00
482	2	1.00
482	3	1.00
482	4	1.00
482	5	1.00
482	6	1.00
482	7	1.00
482	8	0.40
483	1	1.00
483	2	1.00
483	3	1.00
483	4	0.22
484	1	1.00
484	2	1.00
484	3	1.00
484	4	1.00
484	5	0.23
485	1	1.00
485	2	1.00
485	3	0.35
486	1	1.00
486	2	1.00
486	3	1.00
486	4	1.00
486	5	1.00
486	6	1.00
486	7	1.00
486	8	1.00
486	9	1.00
486	10	1.00
486	11	0.13
487	1	1.00
487	2	1.00
487	3	1.00
487	4	1.00
487	5	1.00
487	6	1.00
487	7	1.00
487	8	1.00
487	9	1.00
487	10	1.00
487	11	0.68
488	1	1.00
488	2	1.00
488	3	1.00
488	4	0.08
489	1	1.00
489	2	1.00
489	3	1.00
489	4	1.00
489	5	1.00
489	6	0.16
490	1	1.00
490	2	1.00
490	3	0.65
491	1	1.00
491	2	1.00
491	3	1.00
491	4	1.00
491	5	1.00
491	6	1.00
491	7	1.00
491	8	0.86
492	1	1.00
492	2	1.00
492	3	1.00
492	4	1.00
492	5	1.00
492	6	0.12
493	1	1.00
493	2	1.00
493	3	0.14
494	1	1.00
494	2	1.00
494	3	1.00
494	4	1.00
494	5	1.00
494	6	1.00
494	7	0.47
495	1	1.00
495	2	1.00
495	3	0.71
496	1	1.00
496	2	1.00
496	3	1.00
496	4	1.00
496	5	1.00
496	6	1.00
496	7	1.00
496	8	1.00
496	9	1.00
496	10	1.00
496	11	0.53
497	1	1.00
497	2	1.00
497	3	1.00
497	4	0.02
498	1	1.00
498	2	1.00
498	3	1.00
498	4	1.00
498	5	1.00
498	6	0.42
499	1	1.00
499	2	1.00
499	3	0.57
500	1	1.00
500	2	0.20
501	1	1.00
501	2	1.00
501	3	1.00
501	4	1.00
501	5	1.00
501	6	1.00
501	7	1.00
501	8	1.00
501	9	1.00
501	10	0.58
502	1	1.00
502	2	1.00
502	3	1.00
502	4	1.00
502	5	1.00
502	6	1.00
502	7	1.00
502	8	1.00
502	9	1.00
502	10	0.07
503	1	1.00
503	2	1.00
503	3	0.87
504	1	1.00
504	2	1.00
504	3	1.00
504	4	1.00
504	5	0.18
505	1	1.00
505	2	1.00
505	3	1.00
505	4	1.00
505	5	1.00
505	6	1.00
505	7	0.34
506	1	1.00
506	2	1.00
506	3	1.00
506	4	1.00
506	5	1.00
506	6	0.39
507	1	1.00
507	2	1.00
507	3	1.00
507	4	1.00
507	5	1.00
507	6	1.00
507	7	1.00
507	8	0.58
508	1	1.00
508	2	1.00
508	3	1.00
508	4	1.00
508	5	0.57
509	1	1.00
509	2	1.00
509	3	0.64
510	1	1.00
510	2	1.00
510	3	0.20
511	1	1.00
511	2	1.00
511	3	1.00
511	4	1.00
511	5	1.00
511	6	1.00
511	7	1.00
511	8	1.00
511	9	0.08
512	1	1.00
512	2	1.00
512	3	1.00
512	4	1.00
512	5	1.00
512	6	1.00
512	7	0.96
513	1	1.00
513	2	1.00
513	3	1.00
513	4	0.61
514	1	1.00
514	2	1.00
514	3	0.01
515	1	1.00
515	2	1.00
515	3	1.00
515	4	1.00
515	5	1.00
515	6	1.00
515	7	0.69
516	1	1.00
516	2	1.00
516	3	0.38
517	1	1.00
517	2	1.00
517	3	0.77
518	1	1.00
518	2	1.00
518	3	1.00
518	4	1.00
518	5	1.00
518	6	1.00
518	7	1.00
518	8	1.00
518	9	0.48
519	1	1.00
519	2	0.13
520	1	1.00
520	2	1.00
520	3	1.00
520	4	1.00
520	5	0.84
521	1	1.00
521	2	1.00
521	3	1.00
521	4	1.00
521	5	1.00
521	6	1.00
521	7	0.44
522	1	1.00
522	2	0.74
523	1	1.00
523	2	1.00
523	3	1.00
523	4	1.00
523	5	1.00
523	6	1.00
523	7	0.64
524	1	1.00
524	2	1.00
524	3	0.71
525	1	1.00
525	2	1.00
525	3	1.00
525	4	1.00
525	5	1.00
525	6	1.00
525	7	0.38
526	1	1.00
526	2	1.00
526	3	0.35
527	1	1.00
527	2	1.00
527	3	1.00
527	4	1.00
527	5	0.92
528	1	1.00
528	2	1.00
528	3	1.00
528	4	1.00
528	5	1.00
528	6	1.00
528	7	0.10
529	1	1.00
529	2	0.94
530	1	1.00
530	2	0.37
531	1	1.00
531	2	1.00
531	3	1.00
531	4	1.00
531	5	0.06
532	1	1.00
532	2	1.00
532	3	0.80
533	1	1.00
533	2	1.00
533	3	1.00
533	4	1.00
533	5	1.00
533	6	1.00
533	7	1.00
533	8	1.00
533	9	0.87
534	1	1.00
534	2	1.00
534	3	1.00
534	4	0.64
535	1	1.00
535	2	1.00
535	3	1.00
535	4	1.00
535	5	1.00
535	6	1.00
535	7	1.00
535	8	1.00
535	9	1.00
535	10	1.00
535	11	0.28
536	1	1.00
536	2	1.00
536	3	1.00
536	4	1.00
536	5	1.00
536	6	1.00
536	7	1.00
536	8	0.15
537	1	1.00
537	2	1.00
537	3	1.00
537	4	0.47
538	1	1.00
538	2	1.00
538	3	1.00
538	4	1.00
538	5	1.00
538	6	1.00
538	7	0.26
539	1	1.00
539	2	1.00
539	3	1.00
539	4	1.00
539	5	1.00
539	6	1.00
539	7	1.00
539	8	0.42
540	1	1.00
540	2	1.00
540	3	1.00
540	4	1.00
540	5	0.28
541	1	1.00
541	2	0.25
542	1	1.00
542	2	1.00
542	3	1.00
542	4	1.00
542	5	0.48
543	1	1.00
543	2	0.10
544	1	1.00
544	2	0.55
545	1	1.00
545	2	1.00
545	3	1.00
545	4	1.00
545	5	1.00
545	6	0.89
546	1	1.00
546	2	1.00
546	3	1.00
546	4	1.00
546	5	1.00
546	6	1.00
546	7	1.00
546	8	1.00
546	9	1.00
546	10	0.48
547	1	1.00
547	2	1.00
547	3	1.00
547	4	1.00
547	5	1.00
547	6	1.00
547	7	1.00
547	8	1.00
547	9	1.00
547	10	0.49
548	1	1.00
548	2	1.00
548	3	1.00
548	4	1.00
548	5	1.00
548	6	0.28
549	1	1.00
549	2	1.00
549	3	1.00
549	4	1.00
549	5	0.61
550	1	1.00
550	2	1.00
550	3	1.00
550	4	1.00
550	5	1.00
550	6	1.00
550	7	1.00
550	8	1.00
550	9	1.00
550	10	1.00
550	11	0.41
551	1	1.00
551	2	1.00
551	3	0.45
552	1	1.00
552	2	1.00
552	3	1.00
552	4	0.12
553	1	1.00
553	2	0.99
554	1	1.00
554	2	1.00
554	3	1.00
554	4	1.00
554	5	1.00
554	6	1.00
554	7	1.00
554	8	1.00
554	9	1.00
554	10	1.00
554	11	0.38
555	1	1.00
555	2	1.00
555	3	1.00
555	4	1.00
555	5	1.00
555	6	1.00
555	7	1.00
555	8	1.00
555	9	0.19
556	1	1.00
556	2	1.00
556	3	1.00
556	4	1.00
556	5	1.00
556	6	0.10
557	1	1.00
557	2	0.74
558	1	1.00
558	2	1.00
558	3	1.00
558	4	0.46
559	1	1.00
559	2	1.00
559	3	1.00
559	4	1.00
559	5	1.00
559	6	1.00
559	7	1.00
559	8	1.00
559	9	1.00
559	10	0.10
560	1	1.00
560	2	1.00
560	3	0.25
561	1	1.00
561	2	0.68
562	1	1.00
562	2	1.00
562	3	1.00
562	4	1.00
562	5	1.00
562	6	1.00
562	7	0.33
563	1	1.00
563	2	1.00
563	3	1.00
563	4	1.00
563	5	0.76
564	1	1.00
564	2	1.00
564	3	0.76
565	1	1.00
565	2	0.40
566	1	1.00
566	2	1.00
566	3	1.00
566	4	1.00
566	5	1.00
566	6	1.00
566	7	0.47
567	1	1.00
567	2	1.00
567	3	1.00
567	4	0.49
568	1	1.00
568	2	0.27
569	1	1.00
569	2	1.00
569	3	1.00
569	4	1.00
569	5	1.00
569	6	1.00
569	7	1.00
569	8	0.17
570	1	1.00
570	2	1.00
570	3	1.00
570	4	0.64
571	1	1.00
571	2	1.00
571	3	1.00
571	4	1.00
571	5	0.68
572	1	1.00
572	2	0.71
573	1	1.00
573	2	0.84
574	1	1.00
574	2	1.00
574	3	1.00
574	4	0.92
575	1	1.00
575	2	1.00
575	3	0.06
576	1	1.00
576	2	1.00
576	3	1.00
576	4	1.00
576	5	1.00
576	6	1.00
576	7	0.32
577	1	1.00
577	2	1.00
577	3	0.94
578	1	1.00
578	2	1.00
578	3	1.00
578	4	1.00
578	5	1.00
578	6	0.52
579	1	1.00
579	2	1.00
579	3	1.00
579	4	0.16
580	1	1.00
580	2	1.00
580	3	0.77
581	1	1.00
581	2	0.99
582	1	1.00
582	2	1.00
582	3	1.00
582	4	1.00
582	5	0.79
583	1	1.00
583	2	1.00
583	3	0.45
584	1	1.00
584	2	1.00
584	3	1.00
584	4	0.40
585	1	1.00
585	2	1.00
585	3	1.00
585	4	1.00
585	5	1.00
585	6	0.85
586	1	1.00
586	2	1.00
586	3	1.00
586	4	1.00
586	5	0.95
587	1	1.00
587	2	1.00
587	3	1.00
587	4	0.24
588	1	1.00
588	2	1.00
588	3	0.09
589	1	1.00
589	2	1.00
589	3	0.53
590	1	1.00
590	2	1.00
590	3	1.00
590	4	1.00
590	5	0.39
591	1	1.00
591	2	1.00
591	3	1.00
591	4	1.00
591	5	0.83
592	1	1.00
592	2	1.00
592	3	1.00
592	4	1.00
592	5	1.00
592	6	1.00
592	7	0.47
593	1	1.00
593	2	1.00
593	3	1.00
593	4	1.00
593	5	1.00
593	6	1.00
593	7	1.00
593	8	1.00
593	9	1.00
593	10	0.37
594	1	1.00
594	2	1.00
594	3	0.19
595	1	1.00
595	2	1.00
595	3	1.00
595	4	1.00
595	5	1.00
595	6	1.00
595	7	1.00
595	8	1.00
595	9	0.83
596	1	1.00
596	2	1.00
596	3	1.00
596	4	1.00
596	5	0.78
597	1	1.00
597	2	1.00
597	3	1.00
597	4	1.00
597	5	1.00
597	6	1.00
597	7	1.00
597	8	0.08
598	1	1.00
598	2	1.00
598	3	0.41
599	1	1.00
599	2	0.69
600	1	1.00
600	2	1.00
600	3	1.00
600	4	1.00
600	5	1.00
600	6	0.09
601	1	1.00
601	2	1.00
601	3	1.00
601	4	1.00
601	5	1.00
601	6	0.81
602	1	1.00
602	2	1.00
602	3	1.00
602	4	1.00
602	5	1.00
602	6	1.00
602	7	1.00
602	8	1.00
602	9	1.00
602	10	0.23
603	1	1.00
603	2	1.00
603	3	1.00
603	4	1.00
603	5	1.00
603	6	1.00
603	7	1.00
603	8	0.29
604	1	1.00
604	2	1.00
604	3	1.00
604	4	1.00
604	5	1.00
604	6	1.00
604	7	0.69
605	1	1.00
605	2	0.34
606	1	1.00
606	2	1.00
606	3	1.00
606	4	0.59
607	1	1.00
607	2	1.00
607	3	1.00
607	4	1.00
607	5	1.00
607	6	0.17
608	1	1.00
608	2	0.05
609	1	1.00
609	2	1.00
609	3	0.51
610	1	1.00
610	2	0.27
611	1	1.00
611	2	1.00
611	3	1.00
611	4	1.00
611	5	1.00
611	6	1.00
611	7	0.20
612	1	1.00
612	2	1.00
612	3	1.00
612	4	1.00
612	5	1.00
612	6	1.00
612	7	1.00
612	8	0.79
613	1	1.00
613	2	1.00
613	3	1.00
613	4	1.00
613	5	1.00
613	6	1.00
613	7	1.00
613	8	1.00
613	9	0.37
614	1	1.00
614	2	1.00
614	3	0.40
615	1	1.00
615	2	1.00
615	3	1.00
615	4	1.00
615	5	1.00
615	6	1.00
615	7	1.00
615	8	1.00
615	9	0.57
616	1	1.00
616	2	1.00
616	3	0.85
617	1	1.00
617	2	1.00
617	3	1.00
617	4	0.35
618	1	1.00
618	2	1.00
618	3	0.09
619	1	1.00
619	2	1.00
619	3	0.62
620	1	1.00
620	2	1.00
620	3	0.52
621	1	1.00
621	2	1.00
621	3	1.00
621	4	0.23
622	1	1.00
622	2	1.00
622	3	1.00
622	4	1.00
622	5	1.00
622	6	1.00
622	7	1.00
622	8	1.00
622	9	0.94
623	1	1.00
623	2	1.00
623	3	1.00
623	4	1.00
623	5	0.13
624	1	1.00
624	2	1.00
624	3	1.00
624	4	0.39
625	1	1.00
625	2	1.00
625	3	0.62
626	1	1.00
626	2	1.00
626	3	0.26
627	1	1.00
627	2	1.00
627	3	1.00
627	4	1.00
627	5	1.00
627	6	0.00
628	1	1.00
628	2	1.00
628	3	1.00
628	4	1.00
628	5	1.00
628	6	1.00
628	7	1.00
628	8	0.32
629	1	1.00
629	2	1.00
629	3	1.00
629	4	0.70
630	1	1.00
630	2	1.00
630	3	1.00
630	4	1.00
630	5	0.06
631	1	1.00
631	2	0.52
632	1	1.00
632	2	1.00
632	3	1.00
632	4	1.00
632	5	1.00
632	6	1.00
632	7	1.00
632	8	0.24
633	1	1.00
633	2	0.63
634	1	1.00
634	2	0.61
635	1	1.00
635	2	0.35
636	1	1.00
636	2	1.00
636	3	1.00
636	4	1.00
636	5	1.00
636	6	0.44
637	1	1.00
637	2	1.00
637	3	1.00
637	4	1.00
637	5	1.00
637	6	1.00
637	7	1.00
637	8	1.00
637	9	1.00
637	10	0.26
638	1	1.00
638	2	1.00
638	3	1.00
638	4	1.00
638	5	0.68
639	1	1.00
639	2	1.00
639	3	1.00
639	4	1.00
639	5	1.00
639	6	1.00
639	7	0.06
640	1	1.00
640	2	1.00
640	3	0.29
641	1	1.00
641	2	1.00
641	3	1.00
641	4	0.38
642	1	1.00
642	2	1.00
642	3	1.00
642	4	1.00
642	5	1.00
642	6	1.00
642	7	0.73
643	1	1.00
643	2	1.00
643	3	1.00
643	4	0.41
644	1	1.00
644	2	1.00
644	3	1.00
644	4	0.06
645	1	1.00
645	2	0.11
646	1	1.00
646	2	1.00
646	3	1.00
646	4	0.58
647	1	1.00
647	2	1.00
647	3	1.00
647	4	0.79
648	1	1.00
648	2	1.00
648	3	1.00
648	4	1.00
648	5	1.00
648	6	1.00
648	7	1.00
648	8	1.00
648	9	1.00
648	10	1.00
648	11	0.35
649	1	1.00
649	2	0.93
650	1	1.00
650	2	1.00
650	3	0.78
651	1	1.00
651	2	1.00
651	3	0.64
652	1	1.00
652	2	1.00
652	3	1.00
652	4	1.00
652	5	1.00
652	6	1.00
652	7	1.00
652	8	1.00
652	9	1.00
652	10	0.79
653	1	1.00
653	2	1.00
653	3	0.51
654	1	1.00
654	2	1.00
654	3	1.00
654	4	1.00
654	5	0.32
655	1	1.00
655	2	1.00
655	3	1.00
655	4	1.00
655	5	1.00
655	6	0.59
656	1	1.00
656	2	1.00
656	3	1.00
656	4	1.00
656	5	1.00
656	6	1.00
656	7	1.00
656	8	0.81
657	1	1.00
657	2	1.00
657	3	0.49
658	1	1.00
658	2	1.00
658	3	1.00
658	4	1.00
658	5	1.00
658	6	1.00
658	7	1.00
658	8	1.00
658	9	0.51
659	1	1.00
659	2	0.92
660	1	1.00
660	2	1.00
660	3	1.00
660	4	1.00
660	5	1.00
660	6	1.00
660	7	1.00
660	8	0.81
661	1	1.00
661	2	1.00
661	3	1.00
661	4	1.00
661	5	1.00
661	6	1.00
661	7	1.00
661	8	1.00
661	9	0.30
662	1	1.00
662	2	1.00
662	3	1.00
662	4	0.64
663	1	1.00
663	2	1.00
663	3	1.00
663	4	0.58
664	1	1.00
664	2	1.00
664	3	1.00
664	4	0.87
665	1	1.00
665	2	1.00
665	3	1.00
665	4	1.00
665	5	1.00
665	6	1.00
665	7	1.00
665	8	1.00
665	9	0.91
666	1	1.00
666	2	1.00
666	3	1.00
666	4	1.00
666	5	1.00
666	6	1.00
666	7	1.00
666	8	1.00
666	9	0.78
667	1	1.00
667	2	1.00
667	3	1.00
667	4	1.00
667	5	0.38
668	1	1.00
668	2	1.00
668	3	1.00
668	4	1.00
668	5	1.00
668	6	1.00
668	7	1.00
668	8	1.00
668	9	0.56
669	1	1.00
669	2	1.00
669	3	1.00
669	4	1.00
669	5	1.00
669	6	0.25
670	1	1.00
670	2	1.00
670	3	0.64
671	1	1.00
671	2	1.00
671	3	1.00
671	4	1.00
671	5	0.26
672	1	1.00
672	2	1.00
672	3	1.00
672	4	0.01
673	1	1.00
673	2	1.00
673	3	1.00
673	4	1.00
673	5	1.00
673	6	1.00
673	7	1.00
673	8	1.00
673	9	1.00
673	10	0.07
674	1	1.00
674	2	0.71
675	1	1.00
675	2	1.00
675	3	1.00
675	4	0.08
676	1	1.00
676	2	1.00
676	3	1.00
676	4	0.00
677	1	1.00
677	2	1.00
677	3	1.00
677	4	0.98
678	1	1.00
678	2	1.00
678	3	1.00
678	4	1.00
678	5	1.00
678	6	1.00
678	7	1.00
678	8	1.00
678	9	1.00
678	10	1.00
678	11	0.92
679	1	1.00
679	2	1.00
679	3	0.80
680	1	1.00
680	2	1.00
680	3	1.00
680	4	1.00
680	5	1.00
680	6	1.00
680	7	1.00
680	8	1.00
680	9	0.73
681	1	1.00
681	2	1.00
681	3	1.00
681	4	1.00
681	5	1.00
681	6	1.00
681	7	1.00
681	8	1.00
681	9	1.00
681	10	0.61
682	1	1.00
682	2	1.00
682	3	0.75
683	1	1.00
683	2	1.00
683	3	1.00
683	4	0.79
684	1	1.00
684	2	0.18
685	1	1.00
685	2	1.00
685	3	1.00
685	4	1.00
685	5	0.25
686	1	1.00
686	2	0.26
687	1	1.00
687	2	1.00
687	3	1.00
687	4	1.00
687	5	0.45
688	1	1.00
688	2	1.00
688	3	0.48
689	1	1.00
689	2	1.00
689	3	0.79
690	1	1.00
690	2	1.00
690	3	0.71
691	1	1.00
691	2	1.00
691	3	1.00
691	4	0.93
692	1	1.00
692	2	1.00
692	3	1.00
692	4	0.43
693	1	1.00
693	2	1.00
693	3	1.00
693	4	1.00
693	5	1.00
693	6	1.00
693	7	1.00
693	8	1.00
693	9	1.00
693	10	0.88
694	1	1.00
694	2	1.00
694	3	1.00
694	4	1.00
694	5	1.00
694	6	1.00
694	7	1.00
694	8	0.58
695	1	1.00
695	2	1.00
695	3	1.00
695	4	0.84
696	1	1.00
696	2	1.00
696	3	1.00
696	4	1.00
696	5	0.10
697	1	1.00
697	2	1.00
697	3	1.00
697	4	1.00
697	5	1.00
697	6	1.00
697	7	0.69
698	1	1.00
698	2	1.00
698	3	1.00
698	4	1.00
698	5	1.00
698	6	1.00
698	7	1.00
699	1	1.00
699	2	1.00
699	3	0.62
700	1	1.00
700	2	1.00
700	3	1.00
700	4	1.00
700	5	1.00
700	6	1.00
700	7	1.00
700	8	1.00
700	9	1.00
700	10	0.56
701	1	1.00
701	2	0.09
702	1	1.00
702	2	1.00
702	3	1.00
702	4	1.00
702	5	1.00
702	6	1.00
702	7	0.24
703	1	1.00
703	2	1.00
703	3	0.14
704	1	1.00
704	2	1.00
704	3	1.00
704	4	1.00
704	5	1.00
704	6	1.00
704	7	0.09
705	1	1.00
705	2	1.00
705	3	1.00
705	4	1.00
705	5	1.00
705	6	1.00
705	7	1.00
705	8	1.00
705	9	1.00
705	10	0.52
706	1	1.00
706	2	0.80
707	1	1.00
707	2	0.73
708	1	1.00
708	2	1.00
708	3	1.00
708	4	1.00
708	5	1.00
708	6	1.00
708	7	0.11
709	1	1.00
709	2	1.00
709	3	0.61
710	1	1.00
710	2	1.00
710	3	1.00
710	4	1.00
710	5	1.00
710	6	0.51
711	1	1.00
711	2	1.00
711	3	1.00
711	4	1.00
711	5	1.00
711	6	1.00
711	7	1.00
711	8	1.00
711	9	0.16
712	1	1.00
712	2	1.00
712	3	1.00
712	4	1.00
712	5	1.00
712	6	1.00
712	7	0.18
713	1	1.00
713	2	1.00
713	3	1.00
713	4	0.20
714	1	1.00
714	2	1.00
714	3	1.00
714	4	1.00
714	5	0.99
715	1	1.00
715	2	1.00
715	3	1.00
715	4	1.00
715	5	1.00
715	6	1.00
715	7	1.00
715	8	0.51
716	1	1.00
716	2	1.00
716	3	1.00
716	4	1.00
716	5	1.00
716	6	1.00
716	7	1.00
716	8	1.00
716	9	1.00
716	10	0.87
717	1	1.00
717	2	1.00
717	3	1.00
717	4	1.00
717	5	1.00
717	6	1.00
717	7	1.00
717	8	1.00
717	9	0.41
718	1	1.00
718	2	1.00
718	3	1.00
718	4	1.00
718	5	1.00
718	6	1.00
718	7	1.00
718	8	0.27
719	1	1.00
719	2	1.00
719	3	1.00
719	4	1.00
719	5	1.00
719	6	1.00
719	7	1.00
719	8	1.00
719	9	1.00
719	10	1.00
719	11	0.34
720	1	1.00
720	2	1.00
720	3	0.91
721	1	1.00
721	2	0.98
722	1	1.00
722	2	1.00
722	3	1.00
723	1	1.00
723	2	1.00
723	3	1.00
723	4	1.00
723	5	1.00
723	6	1.00
723	7	1.00
723	8	1.00
723	9	0.01
724	1	1.00
724	2	1.00
724	3	0.34
725	1	1.00
725	2	1.00
725	3	1.00
725	4	1.00
725	5	1.00
725	6	0.13
726	1	1.00
726	2	1.00
726	3	1.00
726	4	1.00
726	5	0.71
727	1	1.00
727	2	1.00
727	3	1.00
727	4	0.40
728	1	1.00
728	2	1.00
728	3	1.00
728	4	1.00
728	5	1.00
728	6	1.00
728	7	1.00
728	8	0.88
729	1	1.00
729	2	1.00
729	3	1.00
729	4	1.00
729	5	1.00
729	6	1.00
729	7	0.27
730	1	1.00
730	2	1.00
730	3	0.70
731	1	1.00
731	2	1.00
731	3	1.00
731	4	1.00
731	5	0.96
732	1	1.00
732	2	1.00
732	3	0.03
733	1	1.00
733	2	1.00
733	3	1.00
733	4	0.43
734	1	1.00
734	2	1.00
734	3	1.00
734	4	1.00
734	5	0.13
735	1	1.00
735	2	1.00
735	3	1.00
735	4	0.47
736	1	1.00
736	2	1.00
736	3	1.00
736	4	1.00
736	5	1.00
736	6	1.00
736	7	0.31
737	1	1.00
737	2	1.00
737	3	1.00
737	4	1.00
737	5	1.00
737	6	1.00
737	7	1.00
737	8	1.00
737	9	0.38
738	1	1.00
738	2	1.00
738	3	1.00
738	4	1.00
738	5	1.00
738	6	1.00
738	7	1.00
738	8	0.08
739	1	1.00
739	2	1.00
739	3	1.00
739	4	1.00
739	5	1.00
739	6	0.47
740	1	1.00
740	2	1.00
740	3	1.00
740	4	1.00
740	5	1.00
740	6	1.00
740	7	1.00
740	8	0.33
741	1	1.00
741	2	1.00
741	3	0.99
742	1	1.00
742	2	1.00
742	3	1.00
742	4	1.00
742	5	1.00
742	6	1.00
742	7	1.00
742	8	1.00
742	9	1.00
742	10	0.31
743	1	1.00
743	2	1.00
743	3	1.00
743	4	1.00
743	5	1.00
743	6	0.34
744	1	1.00
744	2	1.00
744	3	1.00
744	4	1.00
744	5	1.00
744	6	1.00
744	7	0.76
745	1	1.00
745	2	1.00
745	3	0.30
746	1	1.00
746	2	1.00
746	3	0.83
747	1	1.00
747	2	1.00
747	3	1.00
747	4	0.64
748	1	1.00
748	2	1.00
748	3	1.00
748	4	1.00
748	5	1.00
748	6	1.00
748	7	1.00
748	8	0.29
749	1	1.00
749	2	0.77
750	1	1.00
750	2	1.00
750	3	1.00
750	4	1.00
750	5	0.10
751	1	1.00
751	2	1.00
751	3	0.64
752	1	1.00
752	2	1.00
752	3	1.00
752	4	1.00
752	5	1.00
752	6	1.00
752	7	1.00
752	8	1.00
752	9	0.21
753	1	1.00
753	2	1.00
753	3	1.00
753	4	1.00
753	5	0.56
754	1	1.00
754	2	1.00
754	3	1.00
754	4	1.00
754	5	1.00
754	6	1.00
754	7	1.00
754	8	1.00
754	9	1.00
754	10	1.00
754	11	0.33
755	1	1.00
755	2	0.34
756	1	1.00
756	2	1.00
756	3	1.00
756	4	1.00
756	5	1.00
756	6	1.00
756	7	1.00
756	8	0.86
757	1	1.00
757	2	1.00
757	3	0.98
758	1	1.00
758	2	1.00
758	3	1.00
758	4	1.00
758	5	1.00
758	6	1.00
758	7	1.00
758	8	1.00
758	9	1.00
758	10	0.08
759	1	1.00
759	2	1.00
759	3	0.29
760	1	1.00
760	2	0.18
761	1	1.00
761	2	1.00
761	3	1.00
761	4	1.00
761	5	1.00
761	6	1.00
761	7	1.00
761	8	1.00
761	9	0.34
762	1	1.00
762	2	1.00
762	3	1.00
762	4	1.00
762	5	1.00
762	6	0.79
763	1	1.00
763	2	1.00
763	3	0.71
764	1	1.00
764	2	1.00
764	3	1.00
764	4	1.00
764	5	1.00
764	6	1.00
764	7	0.09
765	1	1.00
765	2	1.00
765	3	1.00
765	4	1.00
765	5	1.00
765	6	1.00
765	7	1.00
765	8	0.69
766	1	1.00
766	2	1.00
766	3	1.00
766	4	1.00
767	1	1.00
767	2	1.00
767	3	1.00
767	4	1.00
767	5	1.00
767	6	1.00
767	7	0.64
768	1	1.00
768	2	1.00
768	3	1.00
768	4	1.00
768	5	1.00
768	6	1.00
768	7	0.65
769	1	1.00
769	2	1.00
769	3	1.00
769	4	1.00
769	5	0.94
770	1	1.00
770	2	1.00
770	3	1.00
770	4	0.18
771	1	1.00
771	2	0.88
772	1	1.00
772	2	1.00
772	3	0.81
773	1	1.00
773	2	1.00
773	3	1.00
773	4	0.26
774	1	1.00
774	2	0.62
775	1	1.00
775	2	0.50
776	1	1.00
776	2	1.00
776	3	0.57
777	1	1.00
777	2	1.00
777	3	1.00
777	4	1.00
777	5	1.00
777	6	1.00
777	7	1.00
777	8	1.00
777	9	1.00
777	10	1.00
777	11	0.30
778	1	1.00
778	2	1.00
778	3	1.00
778	4	1.00
778	5	1.00
778	6	1.00
778	7	1.00
778	8	0.71
779	1	1.00
779	2	1.00
779	3	1.00
779	4	0.39
780	1	1.00
780	2	0.76
781	1	1.00
781	2	1.00
781	3	1.00
781	4	0.51
782	1	1.00
782	2	1.00
782	3	1.00
782	4	1.00
782	5	1.00
782	6	0.09
783	1	1.00
783	2	1.00
783	3	1.00
783	4	1.00
783	5	1.00
783	6	1.00
783	7	0.35
784	1	1.00
784	2	1.00
784	3	1.00
784	4	1.00
784	5	0.74
785	1	1.00
785	2	1.00
785	3	0.31
786	1	1.00
786	2	1.00
786	3	1.00
786	4	1.00
786	5	1.00
786	6	0.09
787	1	1.00
787	2	1.00
787	3	1.00
787	4	1.00
787	5	1.00
787	6	0.29
788	1	1.00
788	2	0.20
789	1	1.00
789	2	1.00
789	3	1.00
789	4	1.00
789	5	1.00
789	6	1.00
789	7	1.00
789	8	0.34
790	1	1.00
790	2	1.00
790	3	1.00
790	4	1.00
790	5	1.00
790	6	0.08
791	1	1.00
791	2	1.00
791	3	1.00
791	4	1.00
791	5	0.83
792	1	1.00
792	2	1.00
792	3	1.00
792	4	1.00
792	5	1.00
792	6	1.00
792	7	1.00
792	8	1.00
792	9	0.59
793	1	1.00
793	2	1.00
793	3	1.00
793	4	0.53
794	1	1.00
794	2	1.00
794	3	1.00
794	4	1.00
794	5	1.00
794	6	1.00
794	7	1.00
794	8	0.97
795	1	1.00
795	2	1.00
795	3	1.00
795	4	0.63
796	1	1.00
796	2	1.00
796	3	1.00
796	4	1.00
796	5	0.56
797	1	1.00
797	2	1.00
797	3	1.00
797	4	1.00
797	5	1.00
797	6	1.00
797	7	0.10
798	1	1.00
798	2	1.00
798	3	0.87
799	1	1.00
799	2	1.00
799	3	1.00
799	4	0.38
800	1	1.00
800	2	1.00
800	3	1.00
800	4	1.00
800	5	1.00
800	6	1.00
800	7	1.00
800	8	1.00
800	9	1.00
800	10	0.05
801	1	1.00
801	2	1.00
801	3	1.00
801	4	0.50
802	1	1.00
802	2	1.00
802	3	0.52
803	1	1.00
803	2	1.00
803	3	0.01
804	1	1.00
804	2	1.00
804	3	1.00
804	4	1.00
805	1	1.00
805	2	0.82
806	1	1.00
806	2	1.00
806	3	0.53
807	1	1.00
807	2	1.00
807	3	1.00
807	4	1.00
807	5	0.54
808	1	1.00
808	2	1.00
808	3	1.00
808	4	1.00
808	5	1.00
808	6	1.00
808	7	1.00
808	8	1.00
808	9	1.00
808	10	1.00
808	11	0.05
809	1	1.00
809	2	1.00
809	3	1.00
809	4	1.00
809	5	0.12
810	1	1.00
810	2	1.00
810	3	1.00
810	4	1.00
810	5	1.00
810	6	0.47
811	1	1.00
811	2	0.77
812	1	1.00
812	2	1.00
812	3	0.11
813	1	1.00
813	2	1.00
813	3	1.00
813	4	0.70
814	1	1.00
814	2	1.00
814	3	1.00
814	4	1.00
814	5	0.35
815	1	1.00
815	2	1.00
815	3	1.00
815	4	0.05
816	1	1.00
816	2	1.00
816	3	1.00
816	4	1.00
816	5	1.00
816	6	1.00
816	7	0.84
817	1	1.00
817	2	1.00
817	3	1.00
817	4	1.00
817	5	1.00
817	6	0.29
818	1	1.00
818	2	1.00
818	3	1.00
818	4	1.00
818	5	1.00
818	6	1.00
818	7	1.00
818	8	0.01
819	1	1.00
819	2	1.00
819	3	0.97
820	1	1.00
820	2	1.00
820	3	1.00
820	4	1.00
820	5	1.00
820	6	0.77
821	1	1.00
821	2	1.00
821	3	1.00
821	4	1.00
821	5	1.00
821	6	1.00
821	7	0.98
822	1	1.00
822	2	1.00
822	3	1.00
822	4	1.00
822	5	1.00
822	6	1.00
822	7	0.89
823	1	1.00
823	2	1.00
823	3	1.00
823	4	1.00
823	5	1.00
823	6	1.00
823	7	1.00
823	8	1.00
823	9	1.00
823	10	1.00
823	11	0.10
824	1	1.00
824	2	1.00
824	3	0.47
825	1	1.00
825	2	1.00
825	3	1.00
825	4	1.00
825	5	1.00
825	6	1.00
825	7	1.00
825	8	0.05
826	1	1.00
826	2	1.00
826	3	1.00
826	4	1.00
826	5	1.00
826	6	0.74
827	1	1.00
827	2	1.00
827	3	1.00
827	4	1.00
827	5	1.00
827	6	1.00
827	7	1.00
827	8	1.00
827	9	1.00
827	10	1.00
827	11	0.51
828	1	1.00
828	2	0.38
829	1	1.00
829	2	1.00
829	3	1.00
829	4	1.00
829	5	1.00
829	6	1.00
829	7	1.00
829	8	1.00
829	9	1.00
829	10	0.47
830	1	1.00
830	2	1.00
830	3	1.00
830	4	1.00
830	5	0.77
831	1	1.00
831	2	0.05
832	1	1.00
832	2	1.00
832	3	1.00
832	4	1.00
832	5	0.05
833	1	1.00
833	2	1.00
833	3	1.00
833	4	0.65
834	1	1.00
834	2	1.00
834	3	0.05
835	1	1.00
835	2	1.00
835	3	1.00
835	4	1.00
835	5	1.00
835	6	1.00
835	7	0.28
836	1	1.00
836	2	0.24
837	1	1.00
837	2	1.00
837	3	0.29
838	1	1.00
838	2	0.98
839	1	1.00
839	2	1.00
839	3	1.00
839	4	1.00
839	5	0.47
840	1	1.00
840	2	1.00
840	3	1.00
840	4	1.00
840	5	1.00
840	6	1.00
840	7	0.91
841	1	1.00
841	2	1.00
841	3	1.00
841	4	1.00
841	5	1.00
841	6	1.00
841	7	1.00
841	8	1.00
841	9	0.04
842	1	1.00
842	2	1.00
842	3	1.00
842	4	1.00
842	5	1.00
842	6	1.00
842	7	1.00
842	8	1.00
842	9	1.00
842	10	1.00
842	11	0.70
843	1	1.00
843	2	1.00
843	3	0.42
844	1	1.00
844	2	1.00
844	3	1.00
845	1	1.00
845	2	1.00
845	3	0.56
846	1	1.00
846	2	1.00
846	3	1.00
846	4	0.92
847	1	1.00
847	2	1.00
847	3	1.00
847	4	0.14
848	1	1.00
848	2	1.00
848	3	0.65
849	1	1.00
849	2	1.00
849	3	1.00
849	4	0.99
850	1	1.00
850	2	1.00
850	3	1.00
850	4	1.00
850	5	0.04
851	1	1.00
851	2	1.00
851	3	1.00
852	1	1.00
852	2	1.00
852	3	1.00
852	4	1.00
852	5	1.00
852	6	1.00
852	7	1.00
852	8	1.00
852	9	0.97
853	1	1.00
853	2	0.08
854	1	1.00
854	2	1.00
854	3	1.00
854	4	1.00
854	5	1.00
854	6	1.00
854	7	0.68
855	1	1.00
855	2	1.00
855	3	1.00
855	4	0.47
856	1	1.00
856	2	1.00
856	3	1.00
856	4	1.00
856	5	1.00
856	6	1.00
856	7	1.00
856	8	1.00
856	9	1.00
856	10	0.82
857	1	1.00
857	2	1.00
857	3	1.00
857	4	1.00
857	5	1.00
857	6	1.00
857	7	1.00
857	8	1.00
857	9	0.54
858	1	1.00
858	2	1.00
858	3	1.00
858	4	1.00
858	5	0.42
859	1	1.00
859	2	1.00
859	3	0.76
860	1	1.00
860	2	1.00
860	3	0.81
861	1	1.00
861	2	1.00
861	3	1.00
861	4	1.00
861	5	1.00
861	6	1.00
861	7	1.00
861	8	1.00
861	9	0.99
862	1	1.00
862	2	1.00
862	3	1.00
862	4	1.00
862	5	1.00
862	6	0.13
863	1	1.00
863	2	1.00
863	3	1.00
863	4	0.54
864	1	1.00
864	2	1.00
864	3	1.00
864	4	1.00
864	5	1.00
864	6	1.00
864	7	1.00
864	8	0.17
865	1	1.00
865	2	1.00
865	3	1.00
865	4	1.00
865	5	1.00
865	6	0.35
866	1	1.00
866	2	1.00
866	3	1.00
866	4	1.00
866	5	1.00
866	6	1.00
866	7	0.87
867	1	1.00
867	2	1.00
867	3	1.00
867	4	0.17
868	1	1.00
868	2	0.17
869	1	1.00
869	2	1.00
869	3	1.00
869	4	1.00
869	5	1.00
869	6	0.16
870	1	1.00
870	2	1.00
870	3	1.00
870	4	1.00
870	5	1.00
870	6	1.00
870	7	1.00
870	8	0.70
871	1	1.00
871	2	1.00
871	3	1.00
871	4	1.00
871	5	0.49
872	1	1.00
872	2	0.15
873	1	1.00
873	2	1.00
873	3	1.00
873	4	1.00
873	5	0.11
874	1	1.00
874	2	1.00
874	3	0.67
875	1	1.00
875	2	1.00
875	3	0.30
876	1	1.00
876	2	1.00
876	3	1.00
876	4	1.00
876	5	0.86
877	1	1.00
877	2	1.00
877	3	1.00
877	4	1.00
877	5	1.00
877	6	1.00
877	7	1.00
877	8	1.00
877	9	1.00
877	10	1.00
877	11	0.52
878	1	1.00
878	2	1.00
878	3	1.00
878	4	0.53
879	1	1.00
879	2	1.00
879	3	0.21
880	1	1.00
880	2	1.00
880	3	1.00
880	4	1.00
880	5	1.00
880	6	1.00
880	7	1.00
880	8	0.39
881	1	1.00
881	2	1.00
881	3	1.00
881	4	0.17
882	1	1.00
882	2	1.00
882	3	1.00
882	4	1.00
882	5	1.00
882	6	0.42
883	1	1.00
883	2	0.73
884	1	1.00
884	2	1.00
884	3	1.00
884	4	1.00
884	5	1.00
884	6	0.37
885	1	1.00
885	2	1.00
885	3	1.00
885	4	0.97
886	1	1.00
886	2	1.00
886	3	1.00
886	4	0.19
887	1	1.00
887	2	1.00
887	3	1.00
887	4	1.00
887	5	1.00
887	6	1.00
887	7	1.00
887	8	0.34
888	1	1.00
888	2	1.00
888	3	0.19
889	1	1.00
889	2	1.00
889	3	1.00
889	4	1.00
889	5	1.00
889	6	1.00
889	7	1.00
889	8	1.00
889	9	1.00
889	10	1.00
889	11	0.67
890	1	1.00
890	2	0.99
891	1	1.00
891	2	1.00
891	3	1.00
891	4	0.93
892	1	1.00
892	2	0.21
893	1	1.00
893	2	1.00
893	3	0.08
894	1	1.00
894	2	1.00
894	3	1.00
894	4	1.00
894	5	1.00
894	6	1.00
894	7	1.00
894	8	0.55
895	1	1.00
895	2	1.00
895	3	1.00
895	4	1.00
895	5	1.00
895	6	0.32
896	1	1.00
896	2	1.00
896	3	1.00
896	4	1.00
896	5	1.00
896	6	1.00
896	7	0.90
897	1	1.00
897	2	1.00
897	3	1.00
897	4	0.10
898	1	1.00
898	2	1.00
898	3	1.00
898	4	1.00
898	5	1.00
898	6	0.29
899	1	1.00
899	2	1.00
899	3	1.00
899	4	0.75
900	1	1.00
900	2	1.00
900	3	1.00
900	4	1.00
900	5	1.00
900	6	1.00
900	7	1.00
900	8	0.66
901	1	1.00
901	2	1.00
901	3	1.00
901	4	1.00
901	5	1.00
901	6	1.00
901	7	1.00
901	8	1.00
901	9	1.00
901	10	0.29
902	1	1.00
902	2	1.00
902	3	1.00
902	4	1.00
902	5	0.47
903	1	1.00
903	2	1.00
903	3	1.00
903	4	1.00
903	5	1.00
903	6	1.00
903	7	1.00
903	8	0.52
904	1	1.00
904	2	1.00
904	3	1.00
904	4	0.29
905	1	1.00
905	2	1.00
905	3	1.00
905	4	0.57
906	1	1.00
906	2	1.00
906	3	1.00
906	4	1.00
906	5	1.00
906	6	1.00
906	7	0.04
907	1	1.00
907	2	1.00
907	3	0.11
908	1	1.00
908	2	1.00
908	3	0.58
909	1	1.00
909	2	1.00
909	3	1.00
909	4	0.33
910	1	1.00
910	2	1.00
910	3	1.00
910	4	1.00
910	5	1.00
910	6	0.95
911	1	1.00
911	2	1.00
911	3	1.00
911	4	0.33
912	1	1.00
912	2	1.00
912	3	0.32
913	1	1.00
913	2	1.00
913	3	1.00
913	4	0.05
914	1	1.00
914	2	1.00
914	3	1.00
914	4	1.00
914	5	1.00
914	6	0.49
915	1	1.00
915	2	1.00
915	3	1.00
915	4	1.00
915	5	1.00
915	6	1.00
915	7	1.00
915	8	1.00
915	9	1.00
915	10	0.05
916	1	1.00
916	2	1.00
916	3	1.00
916	4	1.00
916	5	1.00
916	6	1.00
916	7	1.00
916	8	1.00
916	9	0.91
917	1	1.00
917	2	0.74
918	1	1.00
918	2	1.00
918	3	1.00
918	4	1.00
918	5	1.00
918	6	0.06
919	1	1.00
919	2	1.00
919	3	1.00
919	4	1.00
919	5	1.00
919	6	1.00
919	7	1.00
919	8	0.92
920	1	1.00
920	2	1.00
920	3	1.00
920	4	0.40
921	1	1.00
921	2	1.00
921	3	1.00
921	4	1.00
921	5	1.00
921	6	1.00
921	7	1.00
921	8	0.41
922	1	1.00
922	2	0.80
923	1	1.00
923	2	1.00
923	3	1.00
923	4	1.00
923	5	1.00
923	6	1.00
923	7	1.00
923	8	1.00
923	9	1.00
923	10	1.00
923	11	0.22
924	1	1.00
924	2	1.00
924	3	1.00
924	4	1.00
924	5	1.00
924	6	0.79
925	1	1.00
925	2	1.00
925	3	1.00
925	4	0.88
926	1	1.00
926	2	1.00
926	3	1.00
926	4	0.87
927	1	1.00
927	2	1.00
927	3	1.00
927	4	1.00
927	5	1.00
927	6	1.00
927	7	1.00
927	8	1.00
927	9	1.00
927	10	1.00
927	11	0.90
928	1	1.00
928	2	1.00
928	3	1.00
928	4	1.00
928	5	1.00
928	6	1.00
928	7	0.61
929	1	1.00
929	2	1.00
929	3	1.00
929	4	1.00
929	5	1.00
929	6	1.00
929	7	1.00
929	8	1.00
929	9	1.00
929	10	1.00
929	11	0.06
930	1	1.00
930	2	1.00
930	3	1.00
930	4	1.00
930	5	1.00
930	6	1.00
930	7	1.00
930	8	1.00
930	9	0.09
931	1	1.00
931	2	1.00
931	3	0.48
932	1	1.00
932	2	1.00
932	3	1.00
932	4	1.00
932	5	1.00
932	6	0.36
933	1	1.00
933	2	1.00
933	3	1.00
933	4	1.00
933	5	1.00
933	6	1.00
933	7	1.00
933	8	1.00
933	9	1.00
933	10	1.00
933	11	0.49
934	1	1.00
934	2	0.99
935	1	1.00
935	2	1.00
935	3	1.00
935	4	1.00
935	5	1.00
935	6	1.00
935	7	1.00
935	8	1.00
935	9	1.00
935	10	0.80
936	1	1.00
936	2	1.00
936	3	1.00
936	4	1.00
936	5	1.00
936	6	0.33
937	1	1.00
937	2	1.00
937	3	1.00
937	4	1.00
937	5	1.00
937	6	0.56
938	1	1.00
938	2	1.00
938	3	1.00
938	4	1.00
938	5	1.00
938	6	1.00
938	7	1.00
938	8	1.00
938	9	0.25
939	1	1.00
939	2	1.00
939	3	1.00
939	4	1.00
939	5	1.00
939	6	1.00
939	7	1.00
939	8	0.03
940	1	1.00
940	2	1.00
940	3	1.00
940	4	1.00
940	5	1.00
940	6	1.00
940	7	1.00
940	8	0.98
941	1	1.00
941	2	0.27
942	1	1.00
942	2	1.00
942	3	1.00
942	4	1.00
942	5	1.00
942	6	1.00
942	7	0.71
943	1	1.00
943	2	0.27
944	1	1.00
944	2	1.00
944	3	1.00
944	4	0.27
945	1	1.00
945	2	1.00
945	3	1.00
945	4	1.00
945	5	1.00
945	6	1.00
945	7	1.00
945	8	1.00
945	9	1.00
945	10	0.62
946	1	1.00
946	2	1.00
946	3	1.00
946	4	1.00
946	5	1.00
946	6	1.00
946	7	1.00
946	8	0.69
947	1	1.00
947	2	1.00
947	3	1.00
947	4	1.00
947	5	1.00
947	6	1.00
947	7	0.48
948	1	1.00
948	2	0.15
949	1	1.00
949	2	1.00
949	3	1.00
949	4	1.00
949	5	0.10
950	1	1.00
950	2	1.00
950	3	0.79
951	1	1.00
951	2	1.00
951	3	1.00
951	4	0.50
952	1	1.00
952	2	1.00
952	3	1.00
952	4	0.95
953	1	1.00
953	2	1.00
953	3	0.79
954	1	1.00
954	2	1.00
954	3	0.74
955	1	1.00
955	2	1.00
955	3	1.00
955	4	0.57
956	1	1.00
956	2	1.00
956	3	1.00
956	4	1.00
956	5	1.00
956	6	1.00
956	7	0.07
957	1	1.00
957	2	1.00
957	3	1.00
957	4	0.66
958	1	1.00
958	2	1.00
958	3	1.00
958	4	1.00
958	5	1.00
958	6	1.00
958	7	1.00
958	8	1.00
958	9	0.83
959	1	1.00
959	2	1.00
959	3	1.00
959	4	0.31
960	1	1.00
960	2	1.00
960	3	1.00
960	4	1.00
960	5	1.00
960	6	1.00
960	7	1.00
960	8	1.00
960	9	1.00
960	10	1.00
960	11	0.54
961	1	1.00
961	2	1.00
961	3	1.00
961	4	1.00
961	5	1.00
961	6	1.00
961	7	1.00
961	8	1.00
961	9	1.00
961	10	1.00
961	11	0.22
962	1	1.00
962	2	1.00
962	3	1.00
962	4	1.00
962	5	1.00
962	6	1.00
962	7	0.91
963	1	1.00
963	2	1.00
963	3	1.00
963	4	0.24
964	1	1.00
964	2	1.00
964	3	1.00
964	4	0.72
965	1	1.00
965	2	1.00
965	3	0.52
966	1	1.00
966	2	1.00
966	3	0.66
967	1	1.00
967	2	1.00
967	3	1.00
967	4	1.00
967	5	1.00
967	6	1.00
967	7	1.00
967	8	1.00
967	9	1.00
967	10	0.68
968	1	1.00
968	2	1.00
968	3	0.80
969	1	1.00
969	2	1.00
969	3	0.72
970	1	1.00
970	2	1.00
970	3	1.00
970	4	0.06
971	1	1.00
971	2	0.58
972	1	1.00
972	2	1.00
972	3	0.25
973	1	1.00
973	2	1.00
973	3	1.00
973	4	1.00
973	5	1.00
973	6	1.00
973	7	1.00
973	8	1.00
973	9	0.83
974	1	1.00
974	2	0.16
975	1	1.00
975	2	1.00
975	3	1.00
975	4	1.00
975	5	1.00
975	6	1.00
975	7	1.00
975	8	1.00
975	9	0.23
976	1	1.00
976	2	1.00
976	3	1.00
976	4	0.28
977	1	1.00
977	2	1.00
977	3	1.00
977	4	1.00
977	5	0.32
978	1	1.00
978	2	1.00
978	3	1.00
978	4	1.00
978	5	1.00
978	6	1.00
978	7	1.00
978	8	1.00
978	9	0.00
979	1	1.00
979	2	1.00
979	3	1.00
979	4	0.99
980	1	1.00
980	2	0.82
981	1	1.00
981	2	1.00
981	3	0.92
982	1	1.00
982	2	1.00
982	3	1.00
982	4	1.00
982	5	1.00
982	6	1.00
982	7	1.00
982	8	1.00
982	9	0.80
983	1	1.00
983	2	0.62
984	1	1.00
984	2	1.00
984	3	1.00
985	1	1.00
985	2	1.00
985	3	1.00
985	4	0.95
986	1	1.00
986	2	1.00
986	3	1.00
986	4	1.00
986	5	1.00
986	6	0.86
987	1	1.00
987	2	1.00
987	3	1.00
987	4	1.00
987	5	1.00
987	6	1.00
987	7	1.00
987	8	1.00
987	9	1.00
987	10	0.12
988	1	1.00
988	2	0.19
989	1	1.00
989	2	1.00
989	3	1.00
989	4	1.00
989	5	1.00
989	6	1.00
989	7	0.42
990	1	1.00
990	2	1.00
990	3	1.00
990	4	1.00
990	5	1.00
990	6	1.00
990	7	1.00
990	8	1.00
990	9	0.55
991	1	1.00
991	2	1.00
991	3	1.00
991	4	1.00
991	5	0.16
992	1	1.00
992	2	0.27
993	1	1.00
993	2	1.00
993	3	0.56
994	1	1.00
994	2	0.15
995	1	1.00
995	2	1.00
995	3	1.00
995	4	1.00
995	5	1.00
995	6	1.00
995	7	1.00
995	8	0.61
996	1	1.00
996	2	0.70
997	1	1.00
997	2	1.00
997	3	0.52
998	1	1.00
998	2	0.12
999	1	1.00
999	2	1.00
999	3	1.00
999	4	1.00
999	5	1.00
999	6	1.00
999	7	1.00
999	8	1.00
999	9	1.00
999	10	0.35
1000	1	1.00
1000	2	1.00
1000	3	1.00
1000	4	1.00
1000	5	1.00
1000	6	1.00
1000	7	1.00
1000	8	0.71
