p	L_p
1	3
2	2
3	1
4	1
5	1
6	5
7	1
8	5
9	2
10	3
11	4
12	2
13	4
14	5
15	4
16	1
17	4
18	3
19	1
20	1
21	3
22	5
23	4
24	3
25	2
26	3
27	1
28	4
29	1
30	3
31	3
32	5
33	2
34	4
35	1
36	1
37	4
38	1
39	4
40	2
41	1
42	3
43	2
44	4
45	5
46	5
47	1
48	5
49	5
50	2
51	2
52	2
53	5
54	5
55	2
56	7
57	2
58	3
59	2
60	3
61	10
62	5
63	1
64	4
65	1
66	1
67	8
68	7
69	8
70	1
71	3
72	1
73	10
74	7
75	8
76	1
77	5
78	5
79	6
80	1
81	9
82	1
83	3
84	3
85	2
86	6
87	3
88	6
89	2
90	3
91	4
92	6
93	2
94	7
95	5
96	2
97	2
98	9
99	4
100	2
101	9
102	8
103	9
104	3
105	3
106	10
107	10
108	1
109	7
110	8
111	3
112	10
113	2
114	10
115	9
116	1
117	2
118	6
119	3
120	4
121	1
122	3
123	2
124	2
125	1
126	3
127	7
128	7
129	4
130	8
131	5
132	2
133	3
134	2
135	2
136	1
137	2
138	2
139	3
140	2
141	1
142	9
143	2
144	2
145	1
146	6
147	4
148	2
149	9
150	2
151	6
152	1
153	2
154	2
155	6
156	4
157	1
158	2
159	3
160	4
161	3
162	3
163	1
164	3
165	7
166	2
167	5
168	2
169	1
170	3
171	4
172	2
173	9
174	1
175	5
176	7
177	1
178	8
179	2
180	5
181	2
182	2
183	6
184	3
185	4
186	3
187	1
188	3
189	10
190	3
191	1
192	2
193	3
194	3
195	7
196	3
197	2
198	4
199	3
200	5
201	10
202	10
203	6
204	8
205	10
206	2
207	1
208	6
209	8
210	2
211	2
212	9
213	3
214	1
215	1
216	7
217	7
218	4
219	1
220	2
221	3
222	2
223	3
224	3
225	6
226	2
227	6
228	3
229	3
230	10
231	1
232	3
233	2
234	2
235	5
236	1
237	5
238	4
239	5
240	2
241	5
242	1
243	1
244	4
245	1
246	3
247	2
248	1
249	5
250	1
251	6
252	3
253	2
254	5
255	6
256	3
257	3
258	2
259	5
260	1
261	2
262	7
263	4
264	10
265	1
266	1
267	2
268	1
269	1
270	3
271	1
272	8
273	8
274	8
275	2
276	2
277	6
278	2
279	4
280	4
281	2
282	2
283	9
284	6
285	4
286	5
287	9
288	7
289	1
290	1
291	3
292	5
293	7
294	2
295	3
296	3
297	10
298	2
299	3
300	1
301	2
302	4
303	3
304	6
305	3
306	1
307	5
308	4
309	1
310	3
311	2
312	2
313	8
314	7
315	1
316	5
317	10
318	1
319	4
320	2
321	3
322	8
323	3
324	7
325	3
326	1
327	3
328	3
329	3
330	4
331	3
332	6
333	4
334	6
335	1
336	3
337	3
338	5
339	3
340	5
341	10
342	6
343	3
344	7
345	6
346	3
347	4
348	5
349	6
350	3
351	4
352	2
353	5
354	2
355	10
356	1
357	2
358	1
359	2
360	3
361	8
362	6
363	4
364	2
365	3
366	3
367	1
368	2
369	1
370	3
371	10
372	5
373	10
374	1
375	1
376	2
377	2
378	7
379	2
380	10
381	7
382	4
383	7
384	3
385	3
386	2
387	7
388	4
389	3
390	4
391	5
392	3
393	6
394	5
395	1
396	2
397	2
398	8
399	3
400	2
401	10
402	4
403	4
404	3
405	5
406	3
407	7
408	9
409	8
410	7
411	9
412	3
413	1
414	3
415	1
416	7
417	2
418	2
419	3
420	3
421	5
422	6
423	2
424	3
425	6
426	3
427	8
428	2
429	3
430	4
431	4
432	8
433	4
434	1
435	7
436	4
437	9
438	1
439	5
440	1
441	5
442	4
443	2
444	3
445	7
446	5
447	1
448	6
449	3
450	7
451	2
452	1
453	1
454	2
455	1
456	10
457	3
458	2
459	1
460	9
461	3
462	1
463	2
464	9
465	3
466	8
467	5
468	2
469	10
470	9
471	5
472	6
473	1
474	1
475	2
476	5
477	8
478	2
479	8
480	1
481	2
482	1
483	2
484	3
485	1
486	1
487	2
488	5
489	6
490	1
491	2
492	2
493	4
494	3
495	6
496	7
497	7
498	5
499	5
500	4
501	4
502	1
503	8
504	9
505	8
506	6
507	2
508	2
509	3
510	4
511	3
512	3
513	2
514	9
515	6
516	3
517	8
518	9
519	7
520	2
521	3
522	5
523	5
524	3
525	10
526	4
527	5
528	3
529	3
530	2
531	3
532	10
533	6
534	5
535	8
536	3
537	7
538	9
539	3
540	2
541	3
542	6
543	3
544	4
545	2
546	8
547	8
548	1
549	4
550	1
551	2
552	7
553	5
554	2
555	4
556	5
557	8
558	7
559	4
560	4
561	4
562	6
563	7
564	3
565	10
566	2
567	3
568	6
569	8
570	8
571	4
572	2
573	6
574	3
575	4
576	1
577	4
578	7
579	3
580	7
581	10
582	1
583	4
584	2
585	2
586	4
587	3
588	5
589	1
590	5
591	5
592	3
593	8
594	3
595	8
596	9
597	5
598	2
599	1
600	3
601	5
602	2
603	3
604	3
605	8
606	5
607	10
608	4
609	1
610	3
611	4
612	8
613	1
614	3
615	7
616	4
617	6
618	5
619	6
620	10
621	4
622	3
623	9
624	3
625	10
626	1
627	3
628	3
629	4
630	7
631	8
632	8
633	2
634	1
635	8
636	1
637	10
638	9
639	2
640	3
641	3
642	7
643	7
644	8
645	5
646	1
647	9
648	5
649	7
650	10
651	6
652	6
653	3
654	2
655	6
656	1
657	3
658	4
659	4
660	2
661	4
662	8
663	7
664	2
665	10
666	10
667	6
668	1
669	10
670	2
671	4
672	8
673	4
674	7
675	5
676	3
677	1
678	2
679	2
680	3
681	1
682	7
683	9
684	3
685	6
686	8
687	10
688	3
689	2
690	5
691	2
692	2
693	4
694	1
695	2
696	2
697	9
698	2
699	10
700	10
701	2
702	4
703	4
704	3
705	10
706	4
707	2
708	5
709	2
710	9
711	3
712	3
713	2
714	3
715	1
716	3
717	9
718	6
719	2
720	7
721	2
722	5
723	8
724	4
725	1
726	7
727	1
728	6
729	6
730	1
731	2
732	2
733	7
734	6
735	3
736	7
737	3
738	2
739	3
740	10
741	1
742	8
743	5
744	7
745	6
746	10
747	8
748	7
749	9
750	1
751	2
752	3
753	3
754	2
755	6
756	2
757	9
758	1
759	2
760	8
761	7
762	2
763	3
764	2
765	3
766	3
767	4
768	9
769	1
770	5
771	8
772	1
773	6
774	6
775	10
776	3
777	10
778	4
779	3
780	2
781	10
782	4
783	2
784	7
785	3
786	4
787	3
788	2
789	5
790	3
791	10
792	3
793	7
794	3
795	3
796	2
797	2
798	7
799	3
800	3
801	3
802	3
803	10
804	6
805	2
806	3
807	2
808	1
809	1
810	3
811	1
812	7
813	5
814	7
815	1
816	2
817	3
818	7
819	3
820	6
821	3
822	4
823	6
824	4
825	7
826	3
827	3
828	5
829	3
830	6
831	4
832	3
833	3
834	5
835	4
836	1
837	3
838	8
839	3
840	1
841	2
842	8
843	3
844	4
845	8
846	8
847	3
848	8
849	4
850	3
851	4
852	1
853	6
854	4
855	5
856	3
857	7
858	2
859	6
860	7
861	2
862	5
863	6
864	4
865	2
866	10
867	3
868	1
869	7
870	7
871	4
872	2
873	3
874	1
875	4
876	4
877	5
878	2
879	1
880	4
881	1
882	7
883	3
884	3
885	3
886	2
887	2
888	10
889	3
890	8
891	3
892	2
893	2
894	2
895	1
896	2
897	3
898	1
899	1
900	4
901	1
902	2
903	5
904	1
905	5
906	10
907	3
908	3
909	3
910	3
911	3
912	2
913	2
914	8
915	2
916	4
917	9
918	2
919	4
920	4
921	1
922	2
923	1
924	9
925	1
926	8
927	10
928	5
929	3
930	5
931	3
932	3
933	3
934	2
935	3
936	7
937	9
938	4
939	2
940	9
941	3
942	9
943	3
944	5
945	4
946	4
947	2
948	2
949	1
950	2
951	4
952	3
953	1
954	2
955	3
956	6
957	3
958	5
959	6
960	2
961	8
962	5
963	3
964	3
965	1
966	1
967	5
968	5
969	4
970	6
971	8
972	10
973	3
974	3
975	3
976	6
977	4
978	5
979	6
980	3
981	6
982	2
983	3
984	1
985	4
986	3
987	8
988	4
989	5
990	3
991	5
992	3
993	2
994	3
995	5
996	1
997	2
998	5
999	6
1000	6
