p	d	Pr(p,d)
1	1	1.00
1	2	1.00
1	3	1.00
1	4	1.00
1	5	0.58
2	1	1.00
2	2	0.56
3	1	1.00
3	2	1.00
3	3	1.00
3	4	1.00
3	5	0.01
4	1	1.00
4	2	1.00
4	3	1.00
4	4	0.03
5	1	1.00
5	2	1.00
5	3	1.00
5	4	0.59
6	1	1.00
6	2	1.00
6	3	0.41
7	1	1.00
7	2	1.00
7	3	1.00
7	4	0.86
8	1	1.00
8	2	1.00
8	3	0.57
9	1	1.00
9	2	1.00
9	3	1.00
9	4	1.00
9	5	0.09
10	1	1.00
10	2	1.00
10	3	1.00
10	4	0.63
11	1	1.00
11	2	0.01
12	1	1.00
12	2	1.00
12	3	0.71
13	1	1.00
13	2	0.09
14	1	1.00
14	2	0.84
15	1	1.00
15	2	1.00
15	3	1.00
15	4	0.80
16	1	1.00
16	2	1.00
16	3	1.00
16	4	1.00
16	5	0.60
17	1	1.00
17	2	1.00
17	3	1.00
17	4	1.00
17	5	0.22
18	1	1.00
18	2	1.00
18	3	0.23
19	1	1.00
19	2	1.00
19	3	1.00
19	4	0.87
20	1	1.00
20	2	0.28
21	1	1.00
21	2	1.00
21	3	1.00
21	4	1.00
21	5	1.00
21	6	0.42
22	1	1.00
22	2	0.12
23	1	1.00
23	2	0.30
24	1	1.00
24	2	1.00
24	3	1.00
24	4	0.43
25	1	1.00
25	2	0.11
26	1	1.00
26	2	1.00
26	3	0.70
27	1	1.00
27	2	0.62
28	1	1.00
28	2	1.00
28	3	1.00
28	4	1.00
28	5	0.77
29	1	1.00
29	2	1.00
29	3	1.00
29	4	0.15
30	1	1.00
30	2	1.00
30	3	1.00
30	4	1.00
30	5	1.00
30	6	0.73
31	1	1.00
31	2	1.00
31	3	1.00
31	4	1.00
31	5	0.41
32	1	1.00
32	2	1.00
32	3	1.00
32	4	1.00
32	5	0.61
33	1	1.00
33	2	1.00
33	3	0.09
34	1	1.00
34	2	1.00
34	3	0.94
35	1	1.00
35	2	1.00
35	3	0.38
36	1	1.00
36	2	1.00
36	3	1.00
36	4	1.00
36	5	1.00
36	6	0.97
37	1	1.00
37	2	1.00
37	3	0.23
38	1	1.00
38	2	1.00
38	3	1.00
38	4	1.00
38	5	0.87
39	1	1.00
39	2	0.80
40	1	1.00
40	2	1.00
40	3	0.18
41	1	1.00
41	2	0.13
42	1	1.00
42	2	1.00
42	3	0.33
43	1	1.00
43	2	1.00
43	3	0.33
44	1	1.00
44	2	1.00
44	3	1.00
44	4	1.00
44	5	0.88
45	1	1.00
45	2	0.66
46	1	1.00
46	2	0.03
47	1	1.00
47	2	1.00
47	3	1.00
47	4	0.72
48	1	1.00
48	2	1.00
48	3	1.00
48	4	0.18
49	1	1.00
49	2	0.27
50	1	1.00
50	2	1.00
50	3	1.00
50	4	1.00
50	5	0.74
51	1	1.00
51	2	1.00
51	3	0.46
52	1	1.00
52	2	0.63
53	1	1.00
53	2	1.00
53	3	1.00
53	4	1.00
53	5	1.00
53	6	0.58
54	1	1.00
54	2	1.00
54	3	0.54
55	1	1.00
55	2	1.00
55	3	1.00
55	4	1.00
55	5	1.00
55	6	1.00
55	7	0.05
56	1	1.00
56	2	1.00
56	3	1.00
56	4	0.45
57	1	1.00
57	2	1.00
57	3	1.00
57	4	0.68
58	1	1.00
58	2	1.00
58	3	0.69
59	1	1.00
59	2	0.44
60	1	1.00
60	2	1.00
60	3	1.00
60	4	0.43
61	1	1.00
61	2	1.00
61	3	0.01
62	1	1.00
62	2	1.00
62	3	0.48
63	1	1.00
63	2	1.00
63	3	1.00
63	4	0.15
64	1	1.00
64	2	1.00
64	3	0.87
65	1	1.00
65	2	1.00
65	3	1.00
65	4	1.00
65	5	1.00
65	6	0.43
66	1	1.00
66	2	1.00
66	3	1.00
66	4	1.00
66	5	0.96
67	1	1.00
67	2	1.00
67	3	1.00
67	4	1.00
67	5	1.00
67	6	1.00
67	7	1.00
67	8	0.41
68	1	1.00
68	2	1.00
68	3	1.00
68	4	0.89
69	1	1.00
69	2	1.00
69	3	1.00
69	4	1.00
69	5	1.00
69	6	0.32
70	1	1.00
70	2	1.00
70	3	1.00
70	4	0.47
71	1	1.00
71	2	1.00
71	3	1.00
71	4	1.00
71	5	1.00
71	6	1.00
71	7	1.00
71	8	1.00
71	9	1.00
71	10	0.30
72	1	1.00
72	2	1.00
72	3	1.00
72	4	1.00
72	5	0.53
73	1	1.00
73	2	0.16
74	1	1.00
74	2	1.00
74	3	1.00
74	4	1.00
74	5	0.83
75	1	1.00
75	2	1.00
75	3	1.00
75	4	1.00
75	5	1.00
75	6	1.00
75	7	1.00
75	8	1.00
75	9	1.00
75	10	0.66
76	1	1.00
76	2	1.00
76	3	0.98
77	1	1.00
77	2	1.00
77	3	1.00
77	4	1.00
77	5	1.00
77	6	1.00
77	7	1.00
77	8	1.00
77	9	1.00
77	10	1.00
77	11	0.53
78	1	1.00
78	2	1.00
78	3	1.00
78	4	1.00
78	5	0.91
79	1	1.00
79	2	1.00
79	3	0.29
80	1	1.00
80	2	1.00
80	3	1.00
80	4	1.00
80	5	1.00
80	6	0.78
81	1	1.00
81	2	1.00
81	3	1.00
81	4	0.79
82	1	1.00
82	2	1.00
82	3	1.00
82	4	1.00
82	5	0.33
83	1	1.00
83	2	1.00
83	3	1.00
83	4	0.12
84	1	1.00
84	2	1.00
84	3	1.00
84	4	1.00
84	5	1.00
84	6	0.16
85	1	1.00
85	2	0.74
86	1	1.00
86	2	1.00
86	3	1.00
86	4	1.00
86	5	1.00
86	6	1.00
86	7	1.00
86	8	1.00
86	9	0.69
87	1	1.00
87	2	1.00
87	3	1.00
87	4	1.00
87	5	0.17
88	1	1.00
88	2	1.00
88	3	1.00
88	4	0.86
89	1	1.00
89	2	1.00
89	3	1.00
89	4	1.00
89	5	1.00
89	6	1.00
89	7	0.45
90	1	1.00
90	2	1.00
90	3	1.00
90	4	1.00
90	5	1.00
90	6	1.00
90	7	1.00
90	8	0.29
91	1	1.00
91	2	1.00
91	3	1.00
91	4	0.42
92	1	1.00
92	2	1.00
92	3	1.00
92	4	1.00
92	5	1.00
92	6	1.00
92	7	0.92
93	1	1.00
93	2	1.00
93	3	1.00
93	4	1.00
93	5	1.00
93	6	0.41
94	1	1.00
94	2	1.00
94	3	1.00
94	4	0.10
95	1	1.00
95	2	1.00
95	3	0.37
96	1	1.00
96	2	1.00
96	3	0.37
97	1	1.00
97	2	1.00
97	3	1.00
97	4	0.69
98	1	1.00
98	2	1.00
98	3	1.00
98	4	1.00
98	5	1.00
98	6	0.38
99	1	1.00
99	2	1.00
99	3	1.00
99	4	1.00
99	5	1.00
99	6	1.00
99	7	1.00
99	8	1.00
99	9	0.91
100	1	1.00
100	2	1.00
100	3	1.00
100	4	1.00
100	5	1.00
100	6	1.00
100	7	0.04
101	1	1.00
101	2	1.00
101	3	1.00
101	4	1.00
101	5	1.00
101	6	1.00
101	7	1.00
101	8	0.59
102	1	1.00
102	2	1.00
102	3	1.00
102	4	1.00
102	5	1.00
102	6	1.00
102	7	0.17
103	1	1.00
103	2	1.00
103	3	1.00
103	4	0.96
104	1	1.00
104	2	1.00
104	3	1.00
104	4	1.00
104	5	0.05
105	1	1.00
105	2	1.00
105	3	1.00
105	4	0.74
106	1	1.00
106	2	1.00
106	3	1.00
106	4	0.05
107	1	1.00
107	2	1.00
107	3	0.38
108	1	1.00
108	2	1.00
108	3	1.00
108	4	1.00
108	5	1.00
108	6	0.22
109	1	1.00
109	2	1.00
109	3	0.84
110	1	1.00
110	2	1.00
110	3	1.00
110	4	1.00
110	5	0.28
111	1	1.00
111	2	1.00
111	3	1.00
111	4	1.00
111	5	1.00
111	6	1.00
111	7	1.00
111	8	0.01
112	1	1.00
112	2	0.34
113	1	1.00
113	2	0.24
114	1	1.00
114	2	1.00
114	3	0.07
115	1	1.00
115	2	1.00
115	3	1.00
115	4	1.00
115	5	1.00
115	6	1.00
115	7	1.00
115	8	1.00
115	9	0.76
116	1	1.00
116	2	0.32
117	1	1.00
117	2	1.00
117	3	0.67
118	1	1.00
118	2	1.00
118	3	1.00
118	4	1.00
118	5	1.00
118	6	1.00
118	7	1.00
118	8	0.91
119	1	1.00
119	2	1.00
119	3	1.00
119	4	1.00
119	5	1.00
119	6	1.00
119	7	0.50
120	1	1.00
120	2	1.00
120	3	1.00
120	4	1.00
120	5	1.00
120	6	1.00
120	7	1.00
120	8	1.00
120	9	0.99
121	1	1.00
121	2	1.00
121	3	1.00
121	4	0.67
122	1	1.00
122	2	0.08
123	1	1.00
123	2	1.00
123	3	1.00
123	4	1.00
123	5	1.00
123	6	1.00
123	7	1.00
123	8	1.00
123	9	0.08
124	1	1.00
124	2	1.00
124	3	0.01
125	1	1.00
125	2	1.00
125	3	1.00
125	4	1.00
125	5	1.00
125	6	0.64
126	1	1.00
126	2	1.00
126	3	1.00
126	4	0.26
127	1	1.00
127	2	1.00
127	3	1.00
127	4	1.00
127	5	0.81
128	1	1.00
128	2	1.00
128	3	1.00
128	4	1.00
128	5	1.00
128	6	1.00
128	7	1.00
128	8	0.65
129	1	1.00
129	2	1.00
129	3	1.00
129	4	0.00
130	1	1.00
130	2	0.38
131	1	1.00
131	2	1.00
131	3	1.00
131	4	1.00
131	5	1.00
131	6	1.00
131	7	1.00
131	8	1.00
131	9	1.00
131	10	0.48
132	1	1.00
132	2	1.00
132	3	0.30
133	1	1.00
133	2	1.00
133	3	1.00
133	4	0.66
134	1	1.00
134	2	1.00
134	3	0.03
135	1	1.00
135	2	1.00
135	3	0.57
136	1	1.00
136	2	1.00
136	3	0.91
137	1	1.00
137	2	1.00
137	3	0.01
138	1	1.00
138	2	1.00
138	3	1.00
138	4	1.00
138	5	0.44
139	1	1.00
139	2	1.00
139	3	1.00
139	4	1.00
139	5	1.00
139	6	1.00
139	7	1.00
139	8	1.00
139	9	1.00
139	10	1.00
139	11	0.99
140	1	1.00
140	2	1.00
140	3	1.00
140	4	1.00
140	5	1.00
140	6	0.91
141	1	1.00
141	2	1.00
141	3	1.00
141	4	0.45
142	1	1.00
142	2	0.02
143	1	1.00
143	2	1.00
143	3	0.84
144	1	1.00
144	2	1.00
144	3	1.00
144	4	1.00
144	5	0.68
145	1	1.00
145	2	1.00
145	3	1.00
145	4	0.82
146	1	1.00
146	2	1.00
146	3	1.00
146	4	0.34
147	1	1.00
147	2	1.00
147	3	1.00
147	4	1.00
147	5	1.00
147	6	1.00
147	7	1.00
147	8	1.00
147	9	1.00
147	10	0.28
148	1	1.00
148	2	1.00
148	3	0.02
149	1	1.00
149	2	1.00
149	3	1.00
149	4	1.00
149	5	0.82
150	1	1.00
150	2	1.00
150	3	1.00
150	4	1.00
150	5	1.00
150	6	1.00
150	7	1.00
150	8	0.17
151	1	1.00
151	2	1.00
151	3	1.00
151	4	1.00
151	5	1.00
151	6	1.00
151	7	1.00
151	8	0.14
152	1	1.00
152	2	1.00
152	3	1.00
152	4	0.88
153	1	1.00
153	2	1.00
153	3	1.00
153	4	1.00
153	5	0.94
154	1	1.00
154	2	1.00
154	3	1.00
154	4	1.00
154	5	0.28
155	1	1.00
155	2	1.00
155	3	1.00
155	4	1.00
155	5	0.81
156	1	1.00
156	2	1.00
156	3	1.00
156	4	0.53
157	1	1.00
157	2	1.00
157	3	0.63
158	1	1.00
158	2	1.00
158	3	1.00
158	4	1.00
158	5	1.00
158	6	1.00
158	7	1.00
158	8	0.42
159	1	1.00
159	2	1.00
159	3	0.09
160	1	1.00
160	2	1.00
160	3	0.04
161	1	1.00
161	2	0.65
162	1	1.00
162	2	1.00
162	3	1.00
162	4	1.00
162	5	1.00
162	6	1.00
162	7	1.00
162	8	1.00
162	9	1.00
162	10	1.00
162	11	0.90
163	1	1.00
163	2	0.19
164	1	1.00
164	2	0.42
165	1	1.00
165	2	1.00
165	3	1.00
165	4	1.00
165	5	1.00
165	6	1.00
165	7	1.00
165	8	0.64
166	1	1.00
166	2	1.00
166	3	1.00
166	4	0.94
167	1	1.00
167	2	1.00
167	3	1.00
167	4	1.00
167	5	1.00
167	6	1.00
167	7	1.00
167	8	0.52
168	1	1.00
168	2	0.52
169	1	1.00
169	2	1.00
169	3	0.58
170	1	1.00
170	2	1.00
170	3	1.00
170	4	1.00
170	5	1.00
170	6	1.00
170	7	1.00
170	8	0.43
171	1	1.00
171	2	1.00
171	3	1.00
171	4	1.00
171	5	0.99
172	1	1.00
172	2	1.00
172	3	1.00
172	4	1.00
172	5	0.40
173	1	1.00
173	2	0.58
174	1	1.00
174	2	1.00
174	3	1.00
174	4	0.74
175	1	1.00
175	2	1.00
175	3	1.00
175	4	1.00
175	5	1.00
175	6	1.00
175	7	1.00
175	8	0.30
176	1	1.00
176	2	1.00
176	3	0.68
177	1	1.00
177	2	1.00
177	3	1.00
177	4	1.00
177	5	0.00
178	1	1.00
178	2	1.00
178	3	0.35
179	1	1.00
179	2	1.00
179	3	1.00
179	4	1.00
179	5	1.00
179	6	0.51
180	1	1.00
180	2	1.00
180	3	1.00
180	4	0.32
181	1	1.00
181	2	1.00
181	3	1.00
181	4	1.00
181	5	1.00
181	6	1.00
181	7	1.00
181	8	1.00
181	9	0.71
182	1	1.00
182	2	1.00
182	3	1.00
182	4	1.00
182	5	0.06
183	1	1.00
183	2	1.00
183	3	0.37
184	1	1.00
184	2	1.00
184	3	1.00
184	4	1.00
184	5	1.00
184	6	1.00
184	7	0.78
185	1	1.00
185	2	1.00
185	3	1.00
185	4	1.00
185	5	1.00
185	6	1.00
185	7	1.00
185	8	1.00
185	9	0.95
186	1	1.00
186	2	0.98
187	1	1.00
187	2	1.00
187	3	1.00
187	4	1.00
187	5	1.00
187	6	1.00
187	7	1.00
187	8	0.12
188	1	1.00
188	2	0.37
189	1	1.00
189	2	1.00
189	3	1.00
189	4	0.52
190	1	1.00
190	2	1.00
190	3	1.00
190	4	0.54
191	1	1.00
191	2	1.00
191	3	0.87
192	1	1.00
192	2	1.00
192	3	1.00
192	4	1.00
192	5	1.00
192	6	0.98
193	1	1.00
193	2	1.00
193	3	1.00
193	4	1.00
193	5	1.00
193	6	1.00
193	7	0.74
194	1	1.00
194	2	1.00
194	3	0.81
195	1	1.00
195	2	1.00
195	3	0.05
196	1	1.00
196	2	1.00
197	1	1.00
197	2	0.25
198	1	1.00
198	2	1.00
198	3	1.00
198	4	0.63
199	1	1.00
199	2	1.00
199	3	1.00
199	4	1.00
199	5	1.00
199	6	1.00
199	7	1.00
199	8	1.00
199	9	1.00
199	10	1.00
199	11	0.99
200	1	1.00
200	2	1.00
200	3	1.00
200	4	0.62
201	1	1.00
201	2	1.00
201	3	1.00
201	4	1.00
201	5	1.00
201	6	1.00
201	7	1.00
201	8	1.00
201	9	0.91
202	1	1.00
202	2	1.00
202	3	1.00
202	4	1.00
202	5	0.57
203	1	1.00
203	2	0.27
204	1	1.00
204	2	1.00
204	3	1.00
204	4	0.44
205	1	1.00
205	2	1.00
205	3	0.56
206	1	1.00
206	2	1.00
206	3	1.00
206	4	1.00
206	5	1.00
206	6	1.00
206	7	1.00
206	8	1.00
206	9	0.04
207	1	1.00
207	2	1.00
207	3	1.00
207	4	1.00
207	5	1.00
207	6	0.33
208	1	1.00
208	2	1.00
208	3	1.00
208	4	1.00
208	5	0.47
209	1	1.00
209	2	1.00
209	3	1.00
209	4	1.00
209	5	1.00
209	6	0.92
210	1	1.00
210	2	1.00
210	3	1.00
210	4	0.52
211	1	1.00
211	2	0.47
212	1	1.00
212	2	1.00
212	3	1.00
212	4	1.00
212	5	1.00
212	6	0.07
213	1	1.00
213	2	1.00
213	3	1.00
213	4	1.00
213	5	1.00
213	6	1.00
213	7	1.00
213	8	1.00
213	9	0.91
214	1	1.00
214	2	1.00
214	3	0.18
215	1	1.00
215	2	1.00
215	3	1.00
215	4	0.30
216	1	1.00
216	2	1.00
216	3	1.00
216	4	0.33
217	1	1.00
217	2	1.00
217	3	1.00
217	4	0.05
218	1	1.00
218	2	1.00
218	3	1.00
218	4	1.00
218	5	1.00
218	6	1.00
218	7	1.00
218	8	1.00
218	9	1.00
218	10	0.63
219	1	1.00
219	2	1.00
219	3	1.00
219	4	1.00
219	5	1.00
219	6	1.00
219	7	1.00
219	8	1.00
219	9	0.59
220	1	1.00
220	2	1.00
220	3	1.00
220	4	1.00
220	5	1.00
220	6	0.80
221	1	1.00
221	2	1.00
221	3	1.00
221	4	1.00
221	5	1.00
221	6	1.00
221	7	1.00
221	8	0.15
222	1	1.00
222	2	1.00
222	3	1.00
222	4	1.00
222	5	1.00
222	6	1.00
222	7	1.00
222	8	0.13
223	1	1.00
223	2	1.00
223	3	1.00
223	4	0.36
224	1	1.00
224	2	1.00
224	3	1.00
224	4	1.00
224	5	1.00
224	6	1.00
224	7	0.71
225	1	1.00
225	2	1.00
225	3	0.29
226	1	1.00
226	2	1.00
226	3	1.00
226	4	1.00
226	5	1.00
226	6	1.00
226	7	1.00
226	8	0.14
227	1	1.00
227	2	1.00
227	3	1.00
227	4	0.04
228	1	1.00
228	2	1.00
228	3	0.96
229	1	1.00
229	2	1.00
229	3	0.95
230	1	1.00
230	2	0.89
231	1	1.00
231	2	1.00
231	3	0.66
232	1	1.00
232	2	1.00
232	3	1.00
232	4	0.74
233	1	1.00
233	2	1.00
233	3	1.00
233	4	1.00
233	5	1.00
233	6	1.00
233	7	1.00
233	8	0.72
234	1	1.00
234	2	1.00
234	3	0.15
235	1	1.00
235	2	1.00
235	3	1.00
235	4	1.00
235	5	0.34
236	1	1.00
236	2	0.19
237	1	1.00
237	2	1.00
237	3	1.00
237	4	1.00
237	5	1.00
237	6	1.00
237	7	1.00
237	8	1.00
237	9	1.00
237	10	0.18
238	1	1.00
238	2	1.00
238	3	1.00
238	4	1.00
238	5	1.00
238	6	1.00
238	7	0.27
239	1	1.00
239	2	0.47
240	1	1.00
240	2	1.00
240	3	1.00
240	4	1.00
240	5	1.00
240	6	1.00
240	7	1.00
240	8	1.00
240	9	0.15
241	1	1.00
241	2	1.00
241	3	1.00
241	4	1.00
241	5	1.00
241	6	0.13
242	1	1.00
242	2	1.00
242	3	1.00
242	4	1.00
242	5	0.90
243	1	1.00
243	2	1.00
243	3	1.00
243	4	1.00
243	5	1.00
243	6	1.00
243	7	1.00
243	8	0.35
244	1	1.00
244	2	1.00
244	3	1.00
244	4	1.00
244	5	1.00
244	6	1.00
244	7	1.00
244	8	0.87
245	1	1.00
245	2	1.00
245	3	1.00
245	4	1.00
245	5	1.00
245	6	1.00
245	7	1.00
245	8	1.00
245	9	1.00
245	10	0.39
246	1	1.00
246	2	1.00
246	3	1.00
246	4	1.00
246	5	1.00
246	6	1.00
246	7	1.00
246	8	1.00
246	9	0.97
247	1	1.00
247	2	1.00
247	3	1.00
247	4	1.00
247	5	1.00
247	6	1.00
247	7	0.20
248	1	1.00
248	2	1.00
248	3	0.49
249	1	1.00
249	2	1.00
249	3	1.00
249	4	0.83
250	1	1.00
250	2	1.00
250	3	0.28
251	1	1.00
251	2	1.00
251	3	1.00
251	4	1.00
251	5	1.00
251	6	1.00
251	7	1.00
251	8	1.00
251	9	0.31
252	1	1.00
252	2	1.00
252	3	1.00
252	4	1.00
252	5	1.00
252	6	1.00
252	7	1.00
252	8	0.72
253	1	1.00
253	2	1.00
253	3	1.00
253	4	0.95
254	1	1.00
254	2	1.00
254	3	1.00
254	4	0.81
255	1	1.00
255	2	1.00
255	3	1.00
255	4	1.00
255	5	1.00
255	6	1.00
255	7	1.00
255	8	1.00
255	9	0.13
256	1	1.00
256	2	1.00
256	3	1.00
256	4	1.00
256	5	0.21
257	1	1.00
257	2	1.00
257	3	1.00
257	4	1.00
257	5	1.00
257	6	0.93
258	1	1.00
258	2	1.00
258	3	1.00
258	4	1.00
258	5	0.12
259	1	1.00
259	2	1.00
259	3	1.00
259	4	0.94
260	1	1.00
260	2	1.00
260	3	0.94
261	1	1.00
261	2	1.00
261	3	1.00
261	4	1.00
261	5	1.00
261	6	1.00
261	7	1.00
261	8	1.00
261	9	1.00
261	10	0.28
262	1	1.00
262	2	1.00
262	3	1.00
262	4	1.00
262	5	1.00
262	6	0.52
263	1	1.00
263	2	1.00
263	3	1.00
263	4	1.00
263	5	0.34
264	1	1.00
264	2	1.00
264	3	1.00
264	4	1.00
264	5	0.56
265	1	1.00
265	2	1.00
265	3	1.00
265	4	0.54
266	1	1.00
266	2	1.00
266	3	1.00
266	4	1.00
266	5	1.00
266	6	1.00
266	7	1.00
266	8	1.00
266	9	1.00
266	10	1.00
266	11	0.52
267	1	1.00
267	2	1.00
267	3	0.73
268	1	1.00
268	2	1.00
268	3	1.00
268	4	1.00
268	5	1.00
268	6	1.00
268	7	1.00
268	8	1.00
268	9	0.36
269	1	1.00
269	2	1.00
269	3	0.07
270	1	1.00
270	2	1.00
270	3	1.00
270	4	1.00
270	5	1.00
270	6	1.00
270	7	1.00
270	8	1.00
270	9	1.00
270	10	0.09
271	1	1.00
271	2	1.00
271	3	0.75
272	1	1.00
272	2	1.00
272	3	1.00
272	4	1.00
272	5	1.00
272	6	1.00
272	7	1.00
272	8	1.00
272	9	1.00
272	10	1.00
272	11	0.90
273	1	1.00
273	2	0.74
274	1	1.00
274	2	1.00
274	3	1.00
274	4	1.00
274	5	0.18
275	1	1.00
275	2	1.00
275	3	1.00
275	4	1.00
275	5	1.00
275	6	1.00
275	7	1.00
275	8	0.43
276	1	1.00
276	2	1.00
276	3	1.00
276	4	1.00
276	5	1.00
276	6	1.00
276	7	0.73
277	1	1.00
277	2	1.00
277	3	1.00
277	4	1.00
277	5	1.00
277	6	1.00
277	7	1.00
277	8	1.00
277	9	1.00
277	10	1.00
277	11	0.56
278	1	1.00
278	2	1.00
278	3	0.74
279	1	1.00
279	2	1.00
279	3	1.00
279	4	1.00
279	5	0.80
280	1	1.00
280	2	1.00
280	3	1.00
280	4	1.00
280	5	1.00
280	6	1.00
280	7	1.00
280	8	0.70
281	1	1.00
281	2	1.00
281	3	1.00
281	4	1.00
281	5	0.80
282	1	1.00
282	2	1.00
282	3	1.00
282	4	1.00
282	5	1.00
282	6	1.00
282	7	1.00
282	8	1.00
282	9	1.00
282	10	0.82
283	1	1.00
283	2	1.00
283	3	1.00
283	4	1.00
283	5	1.00
283	6	1.00
283	7	1.00
283	8	0.45
284	1	1.00
284	2	1.00
284	3	1.00
284	4	1.00
284	5	1.00
284	6	1.00
284	7	0.84
285	1	1.00
285	2	1.00
285	3	1.00
285	4	1.00
285	5	1.00
285	6	1.00
285	7	1.00
285	8	1.00
285	9	0.33
286	1	1.00
286	2	1.00
286	3	1.00
286	4	1.00
286	5	1.00
286	6	1.00
286	7	1.00
286	8	0.52
287	1	1.00
287	2	1.00
287	3	1.00
287	4	0.34
288	1	1.00
288	2	1.00
288	3	1.00
288	4	0.79
289	1	1.00
289	2	1.00
289	3	1.00
289	4	1.00
289	5	1.00
289	6	1.00
289	7	1.00
289	8	1.00
289	9	1.00
289	10	1.00
289	11	0.03
290	1	1.00
290	2	1.00
290	3	1.00
290	4	1.00
290	5	0.93
291	1	1.00
291	2	1.00
291	3	0.55
292	1	1.00
292	2	1.00
292	3	1.00
292	4	0.65
293	1	1.00
293	2	1.00
293	3	1.00
293	4	1.00
293	5	0.55
294	1	1.00
294	2	1.00
294	3	1.00
294	4	1.00
294	5	1.00
294	6	1.00
294	7	1.00
294	8	1.00
294	9	0.59
295	1	1.00
295	2	1.00
295	3	0.01
296	1	1.00
296	2	1.00
296	3	0.58
297	1	1.00
297	2	1.00
297	3	1.00
297	4	1.00
297	5	1.00
297	6	1.00
297	7	0.81
298	1	1.00
298	2	1.00
298	3	1.00
298	4	1.00
298	5	1.00
298	6	1.00
298	7	1.00
298	8	1.00
298	9	0.87
299	1	1.00
299	2	1.00
299	3	1.00
299	4	1.00
299	5	1.00
299	6	1.00
299	7	0.36
300	1	1.00
300	2	1.00
300	3	1.00
300	4	1.00
300	5	1.00
300	6	1.00
300	7	1.00
300	8	1.00
300	9	0.75
301	1	1.00
301	2	0.51
302	1	1.00
302	2	1.00
302	3	1.00
302	4	0.30
303	1	1.00
303	2	1.00
303	3	1.00
303	4	1.00
303	5	0.96
304	1	1.00
304	2	1.00
304	3	1.00
304	4	1.00
304	5	1.00
304	6	1.00
304	7	1.00
304	8	0.46
305	1	1.00
305	2	1.00
305	3	0.49
306	1	1.00
306	2	1.00
306	3	0.70
307	1	1.00
307	2	0.21
308	1	1.00
308	2	1.00
308	3	1.00
308	4	1.00
308	5	1.00
308	6	0.24
309	1	1.00
309	2	1.00
309	3	0.30
310	1	1.00
310	2	0.04
311	1	1.00
311	2	1.00
311	3	1.00
311	4	0.88
312	1	1.00
312	2	1.00
312	3	1.00
312	4	0.73
313	1	1.00
313	2	1.00
313	3	1.00
313	4	1.00
313	5	1.00
313	6	1.00
313	7	1.00
313	8	1.00
313	9	0.21
314	1	1.00
314	2	1.00
314	3	1.00
314	4	0.62
315	1	1.00
315	2	1.00
315	3	1.00
315	4	1.00
315	5	1.00
315	6	0.94
316	1	1.00
316	2	1.00
316	3	0.56
317	1	1.00
317	2	1.00
317	3	0.41
318	1	1.00
318	2	1.00
318	3	1.00
318	4	1.00
318	5	1.00
318	6	0.69
319	1	1.00
319	2	1.00
319	3	1.00
319	4	0.26
320	1	1.00
320	2	1.00
320	3	0.42
321	1	1.00
321	2	1.00
321	3	1.00
321	4	0.73
322	1	1.00
322	2	1.00
322	3	0.56
323	1	1.00
323	2	1.00
323	3	0.88
324	1	1.00
324	2	0.43
325	1	1.00
325	2	1.00
325	3	1.00
325	4	1.00
325	5	1.00
325	6	1.00
325	7	1.00
325	8	1.00
325	9	1.00
325	10	0.47
326	1	1.00
326	2	1.00
326	3	1.00
326	4	1.00
326	5	1.00
326	6	1.00
326	7	1.00
326	8	0.04
327	1	1.00
327	2	1.00
327	3	1.00
327	4	1.00
327	5	1.00
327	6	1.00
327	7	1.00
327	8	1.00
327	9	1.00
327	10	0.79
328	1	1.00
328	2	1.00
328	3	1.00
328	4	0.81
329	1	1.00
329	2	1.00
329	3	0.94
330	1	1.00
330	2	1.00
330	3	1.00
330	4	1.00
330	5	1.00
330	6	1.00
330	7	1.00
330	8	1.00
330	9	1.00
330	10	0.24
331	1	1.00
331	2	1.00
331	3	0.93
332	1	1.00
332	2	1.00
332	3	0.25
333	1	1.00
333	2	0.07
334	1	1.00
334	2	1.00
334	3	1.00
334	4	1.00
334	5	1.00
334	6	1.00
334	7	0.95
335	1	1.00
335	2	1.00
335	3	1.00
335	4	1.00
335	5	1.00
335	6	1.00
335	7	1.00
335	8	1.00
335	9	0.42
336	1	1.00
336	2	1.00
336	3	1.00
336	4	1.00
336	5	1.00
336	6	1.00
336	7	1.00
336	8	0.02
337	1	1.00
337	2	1.00
337	3	1.00
337	4	1.00
337	5	0.00
338	1	1.00
338	2	1.00
338	3	1.00
338	4	0.70
339	1	1.00
339	2	1.00
339	3	1.00
339	4	1.00
339	5	1.00
339	6	1.00
339	7	1.00
339	8	1.00
339	9	1.00
339	10	1.00
339	11	0.20
340	1	1.00
340	2	0.34
341	1	1.00
341	2	1.00
341	3	1.00
341	4	0.89
342	1	1.00
342	2	1.00
342	3	1.00
342	4	1.00
342	5	0.28
343	1	1.00
343	2	1.00
343	3	1.00
343	4	1.00
343	5	1.00
343	6	0.23
344	1	1.00
344	2	1.00
344	3	1.00
344	4	1.00
344	5	0.98
345	1	1.00
345	2	1.00
345	3	1.00
345	4	1.00
345	5	1.00
345	6	1.00
345	7	0.94
346	1	1.00
346	2	1.00
346	3	1.00
346	4	0.23
347	1	1.00
347	2	1.00
347	3	1.00
347	4	1.00
347	5	1.00
347	6	0.87
348	1	1.00
348	2	1.00
348	3	1.00
348	4	0.81
349	1	1.00
349	2	1.00
349	3	1.00
349	4	0.87
350	1	1.00
350	2	1.00
350	3	1.00
350	4	1.00
350	5	0.25
351	1	1.00
351	2	1.00
351	3	1.00
351	4	1.00
351	5	1.00
351	6	1.00
351	7	1.00
351	8	1.00
351	9	1.00
351	10	0.64
352	1	1.00
352	2	1.00
352	3	1.00
352	4	0.62
353	1	1.00
353	2	0.72
354	1	1.00
354	2	1.00
354	3	1.00
354	4	1.00
354	5	0.04
355	1	1.00
355	2	1.00
355	3	1.00
355	4	0.24
356	1	1.00
356	2	1.00
356	3	1.00
356	4	1.00
356	5	1.00
356	6	1.00
356	7	1.00
356	8	1.00
356	9	1.00
356	10	1.00
356	11	0.85
357	1	1.00
357	2	1.00
357	3	1.00
357	4	1.00
357	5	0.55
358	1	1.00
358	2	1.00
358	3	0.19
359	1	1.00
359	2	1.00
359	3	1.00
359	4	1.00
359	5	1.00
359	6	1.00
359	7	1.00
359	8	0.05
360	1	1.00
360	2	1.00
360	3	0.06
361	1	1.00
361	2	1.00
361	3	1.00
361	4	1.00
361	5	0.38
362	1	1.00
362	2	0.41
363	1	1.00
363	2	1.00
363	3	1.00
363	4	1.00
363	5	0.12
364	1	1.00
364	2	1.00
364	3	1.00
364	4	1.00
364	5	1.00
364	6	1.00
364	7	1.00
364	8	0.09
365	1	1.00
365	2	1.00
365	3	1.00
365	4	1.00
365	5	1.00
365	6	1.00
365	7	1.00
365	8	1.00
365	9	1.00
365	10	0.51
366	1	1.00
366	2	1.00
366	3	0.60
367	1	1.00
367	2	1.00
367	3	1.00
367	4	1.00
367	5	1.00
367	6	1.00
367	7	1.00
367	8	1.00
367	9	0.55
368	1	1.00
368	2	1.00
368	3	0.17
369	1	1.00
369	2	1.00
369	3	0.70
370	1	1.00
370	2	1.00
370	3	0.69
371	1	1.00
371	2	1.00
371	3	0.27
372	1	1.00
372	2	1.00
372	3	1.00
372	4	1.00
372	5	1.00
372	6	1.00
372	7	1.00
372	8	1.00
372	9	0.14
373	1	1.00
373	2	1.00
373	3	1.00
373	4	1.00
373	5	0.74
374	1	1.00
374	2	1.00
374	3	0.36
375	1	1.00
375	2	1.00
375	3	1.00
375	4	1.00
375	5	1.00
375	6	1.00
375	7	1.00
375	8	0.36
376	1	1.00
376	2	1.00
376	3	1.00
376	4	0.51
377	1	1.00
377	2	0.02
378	1	1.00
378	2	0.41
379	1	1.00
379	2	1.00
379	3	1.00
379	4	0.26
380	1	1.00
380	2	1.00
380	3	0.52
381	1	1.00
381	2	0.52
382	1	1.00
382	2	1.00
382	3	0.07
383	1	1.00
383	2	1.00
383	3	1.00
383	4	1.00
383	5	1.00
383	6	1.00
383	7	1.00
383	8	1.00
383	9	1.00
383	10	0.15
384	1	1.00
384	2	1.00
384	3	1.00
384	4	0.48
385	1	1.00
385	2	1.00
385	3	0.32
386	1	1.00
386	2	1.00
386	3	1.00
386	4	0.46
387	1	1.00
387	2	0.45
388	1	1.00
388	2	1.00
388	3	1.00
388	4	1.00
388	5	1.00
388	6	1.00
388	7	1.00
388	8	0.05
389	1	1.00
389	2	1.00
389	3	1.00
389	4	1.00
389	5	1.00
389	6	1.00
389	7	1.00
389	8	1.00
389	9	1.00
389	10	0.12
390	1	1.00
390	2	0.31
391	1	1.00
391	2	1.00
391	3	1.00
391	4	1.00
391	5	1.00
391	6	0.20
392	1	1.00
392	2	1.00
392	3	1.00
392	4	1.00
392	5	1.00
392	6	1.00
392	7	1.00
392	8	1.00
392	9	1.00
392	10	0.38
393	1	1.00
393	2	1.00
393	3	1.00
393	4	0.05
394	1	1.00
394	2	1.00
394	3	1.00
394	4	1.00
394	5	0.25
395	1	1.00
395	2	1.00
395	3	1.00
395	4	0.41
396	1	1.00
396	2	1.00
396	3	1.00
396	4	1.00
396	5	1.00
396	6	1.00
396	7	1.00
396	8	0.03
397	1	1.00
397	2	1.00
397	3	1.00
397	4	1.00
397	5	1.00
397	6	1.00
397	7	0.15
398	1	1.00
398	2	1.00
398	3	1.00
398	4	1.00
398	5	1.00
398	6	0.98
399	1	1.00
399	2	1.00
399	3	1.00
399	4	1.00
399	5	0.61
400	1	1.00
400	2	0.79
401	1	1.00
401	2	1.00
401	3	0.88
402	1	1.00
402	2	1.00
402	3	0.71
403	1	1.00
403	2	1.00
403	3	1.00
403	4	0.92
404	1	1.00
404	2	1.00
404	3	1.00
404	4	0.45
405	1	1.00
405	2	1.00
405	3	1.00
405	4	1.00
405	5	1.00
405	6	1.00
405	7	0.46
406	1	1.00
406	2	1.00
406	3	1.00
406	4	1.00
406	5	1.00
406	6	1.00
406	7	1.00
406	8	1.00
406	9	1.00
406	10	1.00
406	11	0.19
407	1	1.00
407	2	1.00
407	3	1.00
407	4	0.51
408	1	1.00
408	2	1.00
408	3	1.00
408	4	1.00
408	5	0.69
409	1	1.00
409	2	0.40
410	1	1.00
410	2	1.00
410	3	1.00
410	4	1.00
410	5	1.00
410	6	0.14
411	1	1.00
411	2	1.00
411	3	1.00
411	4	0.59
412	1	1.00
412	2	1.00
412	3	1.00
412	4	0.08
413	1	1.00
413	2	1.00
413	3	1.00
413	4	1.00
413	5	0.20
414	1	1.00
414	2	1.00
414	3	0.77
415	1	1.00
415	2	0.91
416	1	1.00
416	2	1.00
416	3	1.00
416	4	1.00
416	5	0.36
417	1	1.00
417	2	1.00
417	3	1.00
417	4	0.87
418	1	1.00
418	2	1.00
418	3	1.00
418	4	0.35
419	1	1.00
419	2	1.00
419	3	1.00
419	4	0.49
420	1	1.00
420	2	1.00
420	3	1.00
420	4	1.00
420	5	1.00
420	6	1.00
420	7	1.00
420	8	1.00
420	9	0.18
421	1	1.00
421	2	1.00
421	3	1.00
421	4	1.00
421	5	1.00
421	6	1.00
421	7	1.00
421	8	0.79
422	1	1.00
422	2	1.00
422	3	1.00
422	4	0.13
423	1	1.00
423	2	1.00
423	3	0.84
424	1	1.00
424	2	1.00
424	3	1.00
424	4	1.00
424	5	0.75
425	1	1.00
425	2	1.00
425	3	1.00
425	4	0.44
426	1	1.00
426	2	0.74
427	1	1.00
427	2	1.00
427	3	1.00
427	4	1.00
427	5	1.00
427	6	1.00
427	7	1.00
427	8	1.00
427	9	1.00
427	10	0.94
428	1	1.00
428	2	1.00
428	3	1.00
428	4	1.00
428	5	1.00
428	6	1.00
428	7	0.67
429	1	1.00
429	2	1.00
429	3	0.94
430	1	1.00
430	2	1.00
430	3	1.00
430	4	0.37
431	1	1.00
431	2	0.28
432	1	1.00
432	2	1.00
432	3	0.78
433	1	1.00
433	2	1.00
433	3	1.00
433	4	0.83
434	1	1.00
434	2	1.00
434	3	1.00
434	4	0.25
435	1	1.00
435	2	1.00
435	3	0.47
436	1	1.00
436	2	1.00
436	3	1.00
436	4	1.00
436	5	1.00
436	6	1.00
436	7	0.52
437	1	1.00
437	2	1.00
437	3	1.00
437	4	1.00
437	5	1.00
437	6	1.00
437	7	1.00
437	8	1.00
437	9	0.31
438	1	1.00
438	2	1.00
438	3	1.00
438	4	1.00
438	5	1.00
438	6	1.00
438	7	1.00
438	8	1.00
438	9	1.00
438	10	1.00
438	11	0.08
439	1	1.00
439	2	1.00
439	3	1.00
439	4	0.83
440	1	1.00
440	2	1.00
440	3	1.00
440	4	1.00
440	5	1.00
440	6	1.00
440	7	1.00
440	8	0.22
441	1	1.00
441	2	1.00
441	3	1.00
441	4	1.00
441	5	1.00
441	6	1.00
441	7	1.00
441	8	0.51
442	1	1.00
442	2	1.00
442	3	1.00
442	4	1.00
442	5	1.00
442	6	1.00
442	7	0.99
443	1	1.00
443	2	0.95
444	1	1.00
444	2	1.00
444	3	0.11
445	1	1.00
445	2	1.00
445	3	0.04
446	1	1.00
446	2	1.00
446	3	1.00
446	4	1.00
446	5	1.00
446	6	1.00
446	7	1.00
446	8	0.84
447	1	1.00
447	2	1.00
447	3	1.00
447	4	1.00
447	5	1.00
447	6	0.87
448	1	1.00
448	2	1.00
448	3	1.00
448	4	1.00
448	5	1.00
448	6	1.00
448	7	1.00
448	8	1.00
448	9	0.46
449	1	1.00
449	2	1.00
449	3	1.00
449	4	1.00
449	5	1.00
449	6	1.00
449	7	1.00
449	8	1.00
449	9	1.00
449	10	0.76
450	1	1.00
450	2	1.00
450	3	1.00
450	4	1.00
450	5	1.00
450	6	1.00
450	7	1.00
450	8	1.00
450	9	1.00
450	10	1.00
450	11	0.50
451	1	1.00
451	2	1.00
451	3	1.00
451	4	1.00
451	5	1.00
451	6	1.00
451	7	1.00
451	8	0.66
452	1	1.00
452	2	1.00
452	3	0.73
453	1	1.00
453	2	1.00
453	3	1.00
453	4	0.04
454	1	1.00
454	2	1.00
454	3	1.00
454	4	1.00
454	5	1.00
454	6	1.00
454	7	1.00
454	8	0.74
455	1	1.00
455	2	1.00
455	3	1.00
455	4	1.00
455	5	0.09
456	1	1.00
456	2	1.00
456	3	0.92
457	1	1.00
457	2	1.00
457	3	1.00
457	4	1.00
457	5	1.00
457	6	1.00
457	7	0.77
458	1	1.00
458	2	1.00
458	3	1.00
458	4	0.83
459	1	1.00
459	2	1.00
459	3	0.60
460	1	1.00
460	2	1.00
460	3	1.00
460	4	0.97
461	1	1.00
461	2	0.63
462	1	1.00
462	2	0.07
463	1	1.00
463	2	1.00
463	3	1.00
463	4	1.00
463	5	1.00
463	6	0.11
464	1	1.00
464	2	1.00
464	3	1.00
464	4	0.62
465	1	1.00
465	2	0.91
466	1	1.00
466	2	1.00
466	3	1.00
466	4	1.00
466	5	1.00
466	6	0.49
467	1	1.00
467	2	1.00
467	3	1.00
467	4	1.00
467	5	1.00
467	6	0.57
468	1	1.00
468	2	1.00
468	3	1.00
468	4	1.00
468	5	1.00
468	6	1.00
468	7	1.00
468	8	1.00
468	9	1.00
468	10	0.62
469	1	1.00
469	2	1.00
469	3	1.00
469	4	1.00
469	5	1.00
469	6	1.00
469	7	1.00
469	8	1.00
469	9	1.00
469	10	0.87
470	1	1.00
470	2	1.00
470	3	0.48
471	1	1.00
471	2	1.00
471	3	1.00
471	4	1.00
471	5	1.00
471	6	1.00
471	7	1.00
471	8	1.00
471	9	1.00
471	10	1.00
471	11	0.47
472	1	1.00
472	2	1.00
472	3	0.86
473	1	1.00
473	2	1.00
473	3	1.00
473	4	1.00
473	5	1.00
473	6	0.94
474	1	1.00
474	2	1.00
474	3	1.00
474	4	0.74
475	1	1.00
475	2	1.00
475	3	1.00
475	4	0.99
476	1	1.00
476	2	1.00
476	3	1.00
476	4	1.00
476	5	1.00
476	6	1.00
476	7	1.00
476	8	1.00
476	9	0.84
477	1	1.00
477	2	1.00
477	3	1.00
477	4	1.00
477	5	0.09
478	1	1.00
478	2	1.00
478	3	0.54
479	1	1.00
479	2	1.00
479	3	1.00
479	4	1.00
479	5	1.00
479	6	1.00
479	7	1.00
479	8	0.35
480	1	1.00
480	2	1.00
480	3	1.00
480	4	1.00
480	5	1.00
480	6	1.00
480	7	0.80
481	1	1.00
481	2	1.00
481	3	0.04
482	1	1.00
482	2	1.00
482	3	1.00
482	4	0.54
483	1	1.00
483	2	1.00
483	3	1.00
483	4	0.45
484	1	1.00
484	2	1.00
484	3	0.15
485	1	1.00
485	2	1.00
485	3	0.17
486	1	1.00
486	2	1.00
486	3	1.00
486	4	1.00
486	5	0.50
487	1	1.00
487	2	1.00
487	3	1.00
487	4	1.00
487	5	1.00
487	6	0.92
488	1	1.00
488	2	1.00
488	3	0.21
489	1	1.00
489	2	1.00
489	3	1.00
489	4	1.00
489	5	1.00
489	6	1.00
489	7	1.00
489	8	1.00
489	9	1.00
489	10	1.00
489	11	0.60
490	1	1.00
490	2	1.00
490	3	1.00
490	4	0.34
491	1	1.00
491	2	1.00
491	3	1.00
491	4	0.53
492	1	1.00
492	2	0.64
493	1	1.00
493	2	1.00
493	3	1.00
493	4	0.57
494	1	1.00
494	2	1.00
494	3	1.00
494	4	1.00
494	5	1.00
494	6	1.00
494	7	1.00
494	8	1.00
494	9	0.39
495	1	1.00
495	2	1.00
495	3	1.00
495	4	0.40
496	1	1.00
496	2	1.00
496	3	1.00
496	4	1.00
496	5	1.00
496	6	1.00
496	7	1.00
496	8	1.00
496	9	0.00
497	1	1.00
497	2	1.00
497	3	1.00
497	4	1.00
497	5	1.00
497	6	0.18
498	1	1.00
498	2	1.00
498	3	1.00
498	4	1.00
498	5	1.00
498	6	0.33
499	1	1.00
499	2	1.00
499	3	1.00
499	4	1.00
499	5	1.00
499	6	0.71
500	1	1.00
500	2	1.00
500	3	1.00
500	4	1.00
500	5	0.73
501	1	1.00
501	2	1.00
501	3	1.00
501	4	1.00
501	5	1.00
501	6	1.00
501	7	1.00
501	8	0.58
502	1	1.00
502	2	1.00
502	3	1.00
502	4	0.40
503	1	1.00
503	2	0.93
504	1	1.00
504	2	0.48
505	1	1.00
505	2	1.00
505	3	1.00
505	4	1.00
505	5	1.00
505	6	1.00
505	7	1.00
505	8	1.00
505	9	1.00
505	10	1.00
505	11	0.21
506	1	1.00
506	2	1.00
506	3	1.00
506	4	1.00
506	5	1.00
506	6	1.00
506	7	1.00
506	8	1.00
506	9	0.62
507	1	1.00
507	2	1.00
507	3	1.00
507	4	0.91
508	1	1.00
508	2	0.37
509	1	1.00
509	2	1.00
509	3	1.00
509	4	1.00
509	5	1.00
509	6	1.00
509	7	1.00
509	8	1.00
509	9	0.84
510	1	1.00
510	2	1.00
510	3	0.11
511	1	1.00
511	2	1.00
511	3	0.86
512	1	1.00
512	2	1.00
512	3	0.95
513	1	1.00
513	2	1.00
513	3	0.12
514	1	1.00
514	2	1.00
514	3	1.00
514	4	1.00
514	5	1.00
514	6	1.00
514	7	0.01
515	1	1.00
515	2	1.00
515	3	1.00
515	4	1.00
515	5	0.66
516	1	1.00
516	2	1.00
516	3	0.51
517	1	1.00
517	2	1.00
517	3	1.00
517	4	1.00
517	5	0.88
518	1	1.00
518	2	0.48
519	1	1.00
519	2	1.00
519	3	1.00
519	4	0.14
520	1	1.00
520	2	1.00
520	3	1.00
520	4	0.49
521	1	1.00
521	2	1.00
521	3	1.00
521	4	1.00
521	5	0.28
522	1	1.00
522	2	1.00
522	3	1.00
522	4	1.00
522	5	1.00
522	6	1.00
522	7	1.00
522	8	1.00
522	9	0.93
523	1	1.00
523	2	0.50
524	1	1.00
524	2	1.00
524	3	0.54
525	1	1.00
525	2	1.00
525	3	1.00
525	4	0.47
526	1	1.00
526	2	1.00
526	3	1.00
526	4	1.00
526	5	1.00
526	6	1.00
526	7	1.00
526	8	1.00
526	9	1.00
526	10	1.00
526	11	0.30
527	1	1.00
527	2	1.00
527	3	1.00
527	4	1.00
527	5	1.00
527	6	0.73
528	1	1.00
528	2	1.00
528	3	1.00
528	4	1.00
528	5	1.00
528	6	1.00
528	7	0.59
529	1	1.00
529	2	1.00
529	3	0.56
530	1	1.00
530	2	1.00
530	3	1.00
530	4	0.51
531	1	1.00
531	2	1.00
531	3	1.00
531	4	0.19
532	1	1.00
532	2	1.00
532	3	1.00
532	4	0.79
533	1	1.00
533	2	1.00
533	3	1.00
533	4	1.00
533	5	1.00
533	6	0.24
534	1	1.00
534	2	1.00
534	3	1.00
534	4	1.00
534	5	1.00
534	6	1.00
534	7	1.00
534	8	1.00
534	9	1.00
534	10	0.60
535	1	1.00
535	2	1.00
535	3	1.00
535	4	0.39
536	1	1.00
536	2	1.00
536	3	1.00
536	4	1.00
536	5	1.00
536	6	0.84
537	1	1.00
537	2	1.00
537	3	1.00
537	4	0.43
538	1	1.00
538	2	1.00
538	3	1.00
538	4	1.00
538	5	1.00
538	6	1.00
538	7	0.05
539	1	1.00
539	2	1.00
539	3	0.36
540	1	1.00
540	2	1.00
540	3	1.00
540	4	1.00
540	5	1.00
540	6	1.00
540	7	1.00
540	8	1.00
540	9	0.82
541	1	1.00
541	2	1.00
541	3	1.00
541	4	1.00
541	5	1.00
541	6	1.00
541	7	1.00
541	8	1.00
541	9	0.03
542	1	1.00
542	2	1.00
542	3	1.00
542	4	1.00
542	5	0.21
543	1	1.00
543	2	1.00
543	3	1.00
543	4	0.55
544	1	1.00
544	2	0.12
545	1	1.00
545	2	1.00
545	3	1.00
545	4	0.65
546	1	1.00
546	2	1.00
546	3	1.00
546	4	1.00
546	5	1.00
546	6	0.44
547	1	1.00
547	2	1.00
547	3	1.00
547	4	1.00
547	5	1.00
547	6	1.00
547	7	1.00
547	8	0.34
548	1	1.00
548	2	1.00
548	3	1.00
548	4	1.00
548	5	1.00
548	6	1.00
548	7	0.64
549	1	1.00
549	2	1.00
549	3	1.00
549	4	0.09
550	1	1.00
550	2	1.00
550	3	0.27
551	1	1.00
551	2	1.00
551	3	1.00
551	4	0.60
552	1	1.00
552	2	1.00
552	3	1.00
552	4	1.00
552	5	1.00
552	6	1.00
552	7	0.56
553	1	1.00
553	2	1.00
553	3	1.00
553	4	1.00
553	5	0.74
554	1	1.00
554	2	1.00
554	3	1.00
554	4	1.00
554	5	1.00
554	6	1.00
554	7	0.85
555	1	1.00
555	2	1.00
555	3	1.00
555	4	1.00
555	5	0.64
556	1	1.00
556	2	1.00
556	3	1.00
556	4	1.00
556	5	1.00
556	6	1.00
556	7	1.00
556	8	0.68
557	1	1.00
557	2	1.00
557	3	1.00
557	4	1.00
557	5	1.00
557	6	1.00
557	7	1.00
557	8	1.00
557	9	0.57
558	1	1.00
558	2	1.00
558	3	1.00
558	4	1.00
558	5	1.00
558	6	1.00
558	7	1.00
558	8	1.00
558	9	1.00
558	10	0.79
559	1	1.00
559	2	1.00
559	3	0.92
560	1	1.00
560	2	1.00
560	3	1.00
560	4	1.00
560	5	1.00
560	6	1.00
560	7	1.00
560	8	1.00
560	9	0.68
561	1	1.00
561	2	1.00
561	3	1.00
561	4	1.00
561	5	1.00
561	6	0.61
562	1	1.00
562	2	1.00
562	3	1.00
562	4	0.51
563	1	1.00
563	2	1.00
563	3	1.00
563	4	1.00
563	5	0.75
564	1	1.00
564	2	1.00
564	3	1.00
564	4	1.00
564	5	1.00
564	6	0.75
565	1	1.00
565	2	1.00
565	3	1.00
565	4	1.00
565	5	0.06
566	1	1.00
566	2	1.00
566	3	1.00
566	4	1.00
566	5	0.61
567	1	1.00
567	2	1.00
567	3	1.00
567	4	1.00
567	5	1.00
567	6	1.00
567	7	1.00
567	8	1.00
567	9	1.00
567	10	0.28
568	1	1.00
568	2	1.00
568	3	1.00
568	4	1.00
568	5	1.00
568	6	1.00
568	7	1.00
568	8	1.00
568	9	0.31
569	1	1.00
569	2	1.00
569	3	1.00
569	4	1.00
569	5	1.00
569	6	1.00
569	7	1.00
569	8	1.00
569	9	0.66
570	1	1.00
570	2	1.00
570	3	1.00
570	4	1.00
570	5	1.00
570	6	1.00
570	7	1.00
570	8	1.00
570	9	1.00
570	10	0.74
571	1	1.00
571	2	1.00
571	3	1.00
571	4	0.47
572	1	1.00
572	2	1.00
572	3	1.00
572	4	1.00
572	5	0.95
573	1	1.00
573	2	1.00
573	3	1.00
573	4	0.98
574	1	1.00
574	2	1.00
574	3	1.00
574	4	1.00
574	5	0.64
575	1	1.00
575	2	1.00
575	3	0.22
576	1	1.00
576	2	0.96
577	1	1.00
577	2	1.00
577	3	1.00
577	4	1.00
577	5	1.00
577	6	0.48
578	1	1.00
578	2	1.00
578	3	0.13
579	1	1.00
579	2	1.00
579	3	1.00
579	4	1.00
579	5	1.00
579	6	1.00
579	7	0.43
580	1	1.00
580	2	1.00
580	3	1.00
580	4	0.17
581	1	1.00
581	2	1.00
581	3	1.00
581	4	0.70
582	1	1.00
582	2	1.00
582	3	1.00
582	4	1.00
582	5	1.00
582	6	0.16
583	1	1.00
583	2	1.00
583	3	1.00
583	4	1.00
583	5	1.00
583	6	1.00
583	7	1.00
583	8	1.00
583	9	0.49
584	1	1.00
584	2	1.00
584	3	1.00
584	4	1.00
584	5	1.00
584	6	1.00
584	7	1.00
584	8	0.09
585	1	1.00
585	2	1.00
585	3	1.00
585	4	1.00
585	5	0.31
586	1	1.00
586	2	1.00
586	3	1.00
586	4	1.00
586	5	1.00
586	6	1.00
586	7	0.32
587	1	1.00
587	2	1.00
587	3	1.00
587	4	1.00
587	5	1.00
587	6	0.59
588	1	1.00
588	2	1.00
588	3	1.00
588	4	0.49
589	1	1.00
589	2	1.00
589	3	1.00
589	4	0.24
590	1	1.00
590	2	1.00
590	3	1.00
590	4	1.00
590	5	1.00
590	6	1.00
590	7	1.00
590	8	1.00
590	9	1.00
590	10	1.00
590	11	0.92
591	1	1.00
591	2	1.00
591	3	1.00
591	4	1.00
591	5	1.00
591	6	1.00
591	7	1.00
591	8	1.00
591	9	0.91
592	1	1.00
592	2	0.40
593	1	1.00
593	2	1.00
593	3	1.00
593	4	1.00
593	5	0.95
594	1	1.00
594	2	1.00
594	3	1.00
594	4	1.00
594	5	1.00
594	6	1.00
594	7	1.00
594	8	1.00
594	9	0.42
595	1	1.00
595	2	1.00
595	3	0.89
596	1	1.00
596	2	1.00
596	3	0.69
597	1	1.00
597	2	1.00
597	3	0.17
598	1	1.00
598	2	1.00
598	3	1.00
598	4	0.51
599	1	1.00
599	2	1.00
599	3	1.00
599	4	1.00
599	5	1.00
599	6	1.00
599	7	1.00
599	8	1.00
599	9	0.82
600	1	1.00
600	2	1.00
600	3	1.00
600	4	0.98
601	1	1.00
601	2	1.00
601	3	1.00
601	4	1.00
601	5	1.00
601	6	1.00
601	7	1.00
601	8	1.00
601	9	1.00
601	10	0.47
602	1	1.00
602	2	0.69
603	1	1.00
603	2	0.09
604	1	1.00
604	2	1.00
604	3	0.40
605	1	1.00
605	2	1.00
605	3	1.00
605	4	1.00
605	5	1.00
605	6	1.00
605	7	1.00
605	8	1.00
605	9	1.00
605	10	1.00
605	11	0.99
606	1	1.00
606	2	1.00
606	3	1.00
606	4	1.00
606	5	1.00
606	6	1.00
606	7	1.00
606	8	1.00
606	9	1.00
606	10	1.00
606	11	0.35
607	1	1.00
607	2	1.00
607	3	0.77
608	1	1.00
608	2	1.00
608	3	0.39
609	1	1.00
609	2	1.00
609	3	1.00
609	4	1.00
609	5	0.70
610	1	1.00
610	2	1.00
610	3	1.00
610	4	1.00
610	5	1.00
610	6	1.00
610	7	1.00
610	8	1.00
610	9	1.00
610	10	1.00
610	11	0.90
611	1	1.00
611	2	1.00
611	3	1.00
611	4	1.00
611	5	1.00
611	6	1.00
611	7	1.00
611	8	1.00
611	9	0.89
612	1	1.00
612	2	1.00
612	3	1.00
612	4	1.00
612	5	1.00
612	6	0.69
613	1	1.00
613	2	1.00
613	3	1.00
613	4	1.00
613	5	0.69
614	1	1.00
614	2	1.00
614	3	1.00
614	4	1.00
614	5	1.00
614	6	0.33
615	1	1.00
615	2	1.00
615	3	0.23
616	1	1.00
616	2	1.00
616	3	1.00
616	4	1.00
616	5	1.00
616	6	0.54
617	1	1.00
617	2	0.17
618	1	1.00
618	2	1.00
618	3	1.00
618	4	1.00
618	5	1.00
618	6	0.40
619	1	1.00
619	2	1.00
619	3	1.00
619	4	1.00
619	5	1.00
619	6	0.34
620	1	1.00
620	2	1.00
620	3	1.00
620	4	1.00
620	5	1.00
620	6	1.00
620	7	1.00
620	8	1.00
620	9	0.20
621	1	1.00
621	2	1.00
621	3	0.19
622	1	1.00
622	2	1.00
622	3	1.00
622	4	0.38
623	1	1.00
623	2	1.00
623	3	1.00
623	4	1.00
623	5	1.00
623	6	1.00
623	7	1.00
623	8	1.00
623	9	0.73
624	1	1.00
624	2	1.00
624	3	0.49
625	1	1.00
625	2	1.00
625	3	1.00
625	4	1.00
625	5	1.00
625	6	1.00
625	7	1.00
625	8	1.00
625	9	1.00
625	10	1.00
625	11	0.39
626	1	1.00
626	2	1.00
626	3	1.00
626	4	0.15
627	1	1.00
627	2	1.00
627	3	1.00
627	4	1.00
627	5	1.00
627	6	1.00
627	7	1.00
627	8	1.00
627	9	1.00
627	10	0.13
628	1	1.00
628	2	1.00
628	3	1.00
628	4	1.00
628	5	0.76
629	1	1.00
629	2	1.00
629	3	0.51
630	1	1.00
630	2	1.00
630	3	1.00
630	4	1.00
630	5	1.00
630	6	0.16
631	1	1.00
631	2	1.00
631	3	1.00
631	4	0.23
632	1	1.00
632	2	1.00
632	3	1.00
632	4	1.00
632	5	0.05
633	1	1.00
633	2	1.00
633	3	0.78
634	1	1.00
634	2	1.00
634	3	0.70
635	1	1.00
635	2	1.00
635	3	1.00
635	4	0.52
636	1	1.00
636	2	1.00
636	3	1.00
636	4	1.00
636	5	1.00
636	6	1.00
636	7	1.00
636	8	1.00
636	9	0.25
637	1	1.00
637	2	1.00
637	3	1.00
637	4	1.00
637	5	1.00
637	6	1.00
637	7	0.71
638	1	1.00
638	2	1.00
638	3	1.00
638	4	1.00
638	5	1.00
638	6	1.00
638	7	1.00
638	8	0.77
639	1	1.00
639	2	1.00
639	3	1.00
639	4	1.00
639	5	1.00
639	6	1.00
639	7	0.39
640	1	1.00
640	2	1.00
640	3	1.00
640	4	1.00
640	5	0.58
641	1	1.00
641	2	1.00
641	3	1.00
641	4	0.90
642	1	1.00
642	2	1.00
642	3	1.00
642	4	1.00
642	5	1.00
642	6	1.00
642	7	1.00
642	8	1.00
642	9	1.00
642	10	1.00
642	11	0.51
643	1	1.00
643	2	1.00
643	3	1.00
643	4	0.93
644	1	1.00
644	2	1.00
644	3	1.00
644	4	0.45
645	1	1.00
645	2	1.00
645	3	1.00
645	4	0.03
646	1	1.00
646	2	1.00
646	3	1.00
646	4	1.00
646	5	0.51
647	1	1.00
647	2	1.00
647	3	0.16
648	1	1.00
648	2	1.00
648	3	1.00
648	4	0.62
649	1	1.00
649	2	1.00
649	3	1.00
649	4	1.00
649	5	0.91
650	1	1.00
650	2	1.00
650	3	0.66
651	1	1.00
651	2	0.03
652	1	1.00
652	2	1.00
652	3	1.00
652	4	1.00
652	5	0.57
653	1	1.00
653	2	1.00
653	3	1.00
653	4	1.00
653	5	1.00
653	6	1.00
653	7	1.00
653	8	1.00
653	9	0.69
654	1	1.00
654	2	1.00
654	3	1.00
654	4	1.00
654	5	1.00
654	6	1.00
654	7	1.00
654	8	1.00
654	9	1.00
654	10	0.62
655	1	1.00
655	2	0.37
656	1	1.00
656	2	1.00
656	3	1.00
656	4	1.00
656	5	1.00
656	6	1.00
656	7	1.00
656	8	1.00
656	9	0.15
657	1	1.00
657	2	0.96
658	1	1.00
658	2	1.00
658	3	1.00
658	4	1.00
658	5	1.00
658	6	1.00
658	7	1.00
658	8	0.54
659	1	1.00
659	2	1.00
659	3	1.00
659	4	1.00
659	5	1.00
659	6	0.12
660	1	1.00
660	2	1.00
660	3	1.00
660	4	0.25
661	1	1.00
661	2	1.00
661	3	1.00
661	4	1.00
661	5	1.00
661	6	0.19
662	1	1.00
662	2	1.00
662	3	1.00
662	4	1.00
662	5	1.00
662	6	1.00
662	7	1.00
662	8	1.00
662	9	1.00
662	10	1.00
662	11	0.84
663	1	1.00
663	2	0.81
664	1	1.00
664	2	1.00
664	3	0.99
665	1	1.00
665	2	1.00
665	3	1.00
665	4	1.00
665	5	0.86
666	1	1.00
666	2	1.00
666	3	1.00
666	4	1.00
666	5	1.00
666	6	0.78
667	1	1.00
667	2	1.00
667	3	1.00
667	4	1.00
667	5	0.28
668	1	1.00
668	2	1.00
668	3	1.00
668	4	1.00
668	5	0.17
669	1	1.00
669	2	1.00
669	3	1.00
669	4	0.00
670	1	1.00
670	2	1.00
670	3	1.00
670	4	0.07
671	1	1.00
671	2	1.00
671	3	1.00
671	4	1.00
671	5	1.00
671	6	1.00
671	7	1.00
671	8	0.37
672	1	1.00
672	2	1.00
672	3	1.00
672	4	1.00
672	5	0.02
673	1	1.00
673	2	1.00
673	3	1.00
673	4	1.00
673	5	1.00
673	6	1.00
673	7	1.00
673	8	1.00
673	9	0.29
674	1	1.00
674	2	1.00
674	3	1.00
674	4	1.00
674	5	1.00
674	6	1.00
674	7	1.00
674	8	1.00
674	9	1.00
674	10	0.55
675	1	1.00
675	2	1.00
675	3	0.15
676	1	1.00
676	2	1.00
676	3	1.00
676	4	0.25
677	1	1.00
677	2	0.73
678	1	1.00
678	2	1.00
678	3	1.00
678	4	1.00
678	5	1.00
678	6	1.00
678	7	1.00
678	8	0.45
679	1	1.00
679	2	1.00
679	3	1.00
679	4	0.68
680	1	1.00
680	2	1.00
680	3	1.00
680	4	1.00
680	5	1.00
680	6	1.00
680	7	0.23
681	1	1.00
681	2	1.00
681	3	0.98
682	1	1.00
682	2	1.00
682	3	1.00
682	4	1.00
682	5	1.00
682	6	1.00
682	7	1.00
682	8	1.00
682	9	1.00
682	10	1.00
682	11	0.95
683	1	1.00
683	2	1.00
683	3	1.00
683	4	1.00
683	5	0.11
684	1	1.00
684	2	1.00
684	3	1.00
684	4	1.00
684	5	1.00
684	6	1.00
684	7	1.00
684	8	1.00
684	9	0.09
685	1	1.00
685	2	1.00
685	3	1.00
685	4	1.00
685	5	0.32
686	1	1.00
686	2	1.00
686	3	1.00
686	4	1.00
686	5	0.91
687	1	1.00
687	2	1.00
687	3	1.00
687	4	1.00
687	5	1.00
687	6	0.27
688	1	1.00
688	2	1.00
688	3	1.00
688	4	0.85
689	1	1.00
689	2	1.00
689	3	0.75
690	1	1.00
690	2	1.00
690	3	1.00
690	4	1.00
690	5	1.00
690	6	1.00
690	7	1.00
690	8	0.62
691	1	1.00
691	2	1.00
691	3	0.11
692	1	1.00
692	2	1.00
692	3	0.43
693	1	1.00
693	2	1.00
693	3	1.00
693	4	1.00
693	5	1.00
693	6	1.00
693	7	1.00
693	8	1.00
693	9	0.63
694	1	1.00
694	2	1.00
694	3	1.00
694	4	1.00
694	5	1.00
694	6	1.00
694	7	0.47
695	1	1.00
695	2	1.00
695	3	1.00
695	4	0.09
696	1	1.00
696	2	1.00
696	3	1.00
696	4	1.00
696	5	1.00
696	6	0.32
697	1	1.00
697	2	1.00
697	3	1.00
697	4	1.00
697	5	0.45
698	1	1.00
698	2	1.00
698	3	1.00
698	4	0.32
699	1	1.00
699	2	1.00
699	3	1.00
699	4	0.43
700	1	1.00
700	2	1.00
700	3	1.00
700	4	1.00
700	5	1.00
700	6	1.00
700	7	0.69
701	1	1.00
701	2	1.00
701	3	0.59
702	1	1.00
702	2	1.00
702	3	1.00
702	4	0.75
703	1	1.00
703	2	1.00
703	3	1.00
703	4	0.22
704	1	1.00
704	2	1.00
704	3	1.00
704	4	1.00
704	5	0.54
705	1	1.00
705	2	1.00
705	3	1.00
705	4	1.00
705	5	1.00
705	6	1.00
705	7	0.13
706	1	1.00
706	2	1.00
706	3	1.00
706	4	1.00
706	5	1.00
706	6	1.00
706	7	1.00
706	8	1.00
706	9	1.00
706	10	1.00
706	11	0.78
707	1	1.00
707	2	1.00
707	3	1.00
707	4	1.00
707	5	1.00
707	6	1.00
707	7	1.00
707	8	0.48
708	1	1.00
708	2	1.00
708	3	1.00
708	4	0.93
709	1	1.00
709	2	1.00
709	3	1.00
709	4	0.33
710	1	1.00
710	2	1.00
710	3	1.00
710	4	1.00
710	5	1.00
710	6	1.00
710	7	1.00
710	8	0.66
711	1	1.00
711	2	0.86
712	1	1.00
712	2	1.00
712	3	1.00
712	4	1.00
712	5	1.00
712	6	1.00
712	7	1.00
712	8	1.00
712	9	1.00
712	10	0.90
713	1	1.00
713	2	1.00
713	3	1.00
713	4	1.00
713	5	0.28
714	1	1.00
714	2	1.00
714	3	0.54
715	1	1.00
715	2	1.00
715	3	0.34
716	1	1.00
716	2	1.00
716	3	0.95
717	1	1.00
717	2	1.00
717	3	1.00
717	4	1.00
717	5	1.00
717	6	1.00
717	7	1.00
717	8	1.00
717	9	1.00
717	10	0.30
718	1	1.00
718	2	0.56
719	1	1.00
719	2	1.00
719	3	1.00
719	4	1.00
719	5	1.00
719	6	1.00
719	7	1.00
719	8	1.00
719	9	0.47
720	1	1.00
720	2	0.19
721	1	1.00
721	2	1.00
721	3	1.00
721	4	1.00
721	5	1.00
721	6	1.00
721	7	1.00
721	8	1.00
721	9	1.00
721	10	1.00
721	11	0.65
722	1	1.00
722	2	1.00
722	3	0.26
723	1	1.00
723	2	0.43
724	1	1.00
724	2	1.00
724	3	1.00
724	4	1.00
724	5	0.92
725	1	1.00
725	2	1.00
725	3	1.00
725	4	1.00
725	5	1.00
725	6	1.00
725	7	1.00
725	8	0.57
726	1	1.00
726	2	1.00
726	3	1.00
726	4	1.00
726	5	1.00
726	6	1.00
726	7	0.59
727	1	1.00
727	2	1.00
727	3	0.16
728	1	1.00
728	2	1.00
728	3	1.00
728	4	0.24
729	1	1.00
729	2	1.00
729	3	1.00
729	4	1.00
729	5	1.00
729	6	0.00
730	1	1.00
730	2	1.00
730	3	1.00
730	4	1.00
730	5	1.00
730	6	1.00
730	7	1.00
730	8	1.00
730	9	1.00
730	10	0.51
731	1	1.00
731	2	1.00
731	3	0.14
732	1	1.00
732	2	1.00
732	3	1.00
732	4	1.00
732	5	1.00
732	6	0.55
733	1	1.00
733	2	1.00
733	3	1.00
733	4	1.00
733	5	1.00
733	6	1.00
733	7	1.00
733	8	1.00
733	9	1.00
733	10	0.65
734	1	1.00
734	2	1.00
734	3	1.00
734	4	1.00
734	5	1.00
734	6	1.00
734	7	1.00
734	8	0.52
735	1	1.00
735	2	0.61
736	1	1.00
736	2	1.00
736	3	1.00
736	4	1.00
736	5	1.00
736	6	0.81
737	1	1.00
737	2	1.00
737	3	1.00
737	4	1.00
737	5	1.00
737	6	1.00
737	7	1.00
737	8	1.00
737	9	0.30
738	1	1.00
738	2	0.17
739	1	1.00
739	2	1.00
739	3	1.00
739	4	0.19
740	1	1.00
740	2	0.57
741	1	1.00
741	2	1.00
741	3	1.00
741	4	1.00
741	5	1.00
741	6	0.67
742	1	1.00
742	2	1.00
742	3	1.00
742	4	0.88
743	1	1.00
743	2	1.00
743	3	1.00
743	4	1.00
743	5	0.60
744	1	1.00
744	2	1.00
744	3	1.00
744	4	1.00
744	5	0.56
745	1	1.00
745	2	1.00
745	3	1.00
745	4	1.00
745	5	0.74
746	1	1.00
746	2	0.22
747	1	1.00
747	2	1.00
747	3	0.94
748	1	1.00
748	2	1.00
748	3	0.42
749	1	1.00
749	2	1.00
749	3	1.00
749	4	1.00
749	5	1.00
749	6	1.00
749	7	1.00
749	8	0.98
750	1	1.00
750	2	1.00
750	3	1.00
750	4	1.00
750	5	1.00
750	6	1.00
750	7	1.00
750	8	1.00
750	9	1.00
750	10	0.22
751	1	1.00
751	2	0.43
752	1	1.00
752	2	1.00
752	3	1.00
752	4	1.00
752	5	1.00
752	6	1.00
752	7	1.00
752	8	0.11
753	1	1.00
753	2	1.00
753	3	0.35
754	1	1.00
754	2	1.00
754	3	1.00
754	4	1.00
754	5	1.00
754	6	1.00
754	7	1.00
754	8	1.00
754	9	0.14
755	1	1.00
755	2	1.00
755	3	1.00
755	4	0.63
756	1	1.00
756	2	1.00
756	3	0.10
757	1	1.00
757	2	1.00
757	3	1.00
757	4	1.00
757	5	1.00
757	6	1.00
757	7	1.00
757	8	0.72
758	1	1.00
758	2	1.00
758	3	0.39
759	1	1.00
759	2	1.00
759	3	1.00
759	4	1.00
759	5	1.00
759	6	1.00
759	7	1.00
759	8	1.00
759	9	1.00
759	10	1.00
759	11	0.03
760	1	1.00
760	2	0.06
761	1	1.00
761	2	1.00
761	3	1.00
761	4	1.00
761	5	1.00
761	6	1.00
761	7	0.14
762	1	1.00
762	2	1.00
762	3	0.37
763	1	1.00
763	2	1.00
763	3	1.00
763	4	1.00
763	5	0.04
764	1	1.00
764	2	1.00
764	3	1.00
764	4	1.00
764	5	1.00
764	6	1.00
764	7	1.00
764	8	1.00
764	9	1.00
764	10	1.00
764	11	0.08
765	1	1.00
765	2	1.00
765	3	1.00
765	4	1.00
765	5	1.00
765	6	0.92
766	1	1.00
766	2	1.00
766	3	1.00
766	4	1.00
766	5	1.00
766	6	1.00
766	7	0.55
767	1	1.00
767	2	1.00
767	3	1.00
767	4	1.00
767	5	1.00
767	6	1.00
767	7	0.08
768	1	1.00
768	2	1.00
768	3	1.00
768	4	1.00
768	5	0.98
769	1	1.00
769	2	1.00
769	3	1.00
769	4	1.00
769	5	1.00
769	6	1.00
769	7	1.00
769	8	1.00
769	9	1.00
769	10	1.00
769	11	0.51
770	1	1.00
770	2	1.00
770	3	1.00
770	4	0.66
771	1	1.00
771	2	1.00
771	3	1.00
771	4	0.22
772	1	1.00
772	2	1.00
772	3	0.21
773	1	1.00
773	2	1.00
773	3	1.00
773	4	0.09
774	1	1.00
774	2	1.00
774	3	1.00
774	4	1.00
774	5	1.00
774	6	1.00
774	7	1.00
774	8	1.00
774	9	0.32
775	1	1.00
775	2	1.00
775	3	1.00
775	4	1.00
775	5	0.15
776	1	1.00
776	2	1.00
776	3	1.00
776	4	1.00
776	5	1.00
776	6	1.00
776	7	1.00
776	8	1.00
776	9	1.00
776	10	1.00
776	11	0.01
777	1	1.00
777	2	1.00
777	3	1.00
777	4	1.00
777	5	1.00
777	6	1.00
777	7	1.00
777	8	1.00
777	9	0.67
778	1	1.00
778	2	1.00
778	3	0.85
779	1	1.00
779	2	1.00
779	3	1.00
779	4	1.00
779	5	1.00
779	6	1.00
779	7	0.75
780	1	1.00
780	2	1.00
780	3	1.00
780	4	1.00
780	5	1.00
780	6	0.52
781	1	1.00
781	2	1.00
781	3	0.59
782	1	1.00
782	2	1.00
782	3	1.00
782	4	1.00
782	5	1.00
782	6	1.00
782	7	1.00
782	8	1.00
782	9	1.00
782	10	0.65
783	1	1.00
783	2	1.00
783	3	1.00
783	4	1.00
783	5	1.00
783	6	0.63
784	1	1.00
784	2	1.00
784	3	1.00
784	4	1.00
784	5	1.00
784	6	0.55
785	1	1.00
785	2	0.82
786	1	1.00
786	2	1.00
786	3	1.00
786	4	1.00
786	5	1.00
786	6	1.00
786	7	1.00
786	8	0.61
787	1	1.00
787	2	0.42
788	1	1.00
788	2	1.00
788	3	0.07
789	1	1.00
789	2	1.00
789	3	0.67
790	1	1.00
790	2	1.00
790	3	1.00
790	4	1.00
790	5	0.15
791	1	1.00
791	2	1.00
791	3	0.23
792	1	1.00
792	2	0.42
793	1	1.00
793	2	1.00
793	3	1.00
793	4	1.00
793	5	1.00
793	6	1.00
793	7	1.00
793	8	1.00
793	9	1.00
793	10	1.00
793	11	1.00
794	1	1.00
794	2	1.00
794	3	0.45
795	1	1.00
795	2	1.00
795	3	1.00
795	4	1.00
795	5	0.39
796	1	1.00
796	2	1.00
796	3	1.00
796	4	1.00
796	5	1.00
796	6	1.00
796	7	0.09
797	1	1.00
797	2	1.00
797	3	1.00
797	4	1.00
797	5	1.00
797	6	1.00
797	7	1.00
797	8	1.00
797	9	1.00
797	10	0.45
798	1	1.00
798	2	1.00
798	3	0.20
799	1	1.00
799	2	1.00
799	3	0.65
800	1	1.00
800	2	0.27
801	1	1.00
801	2	1.00
801	3	1.00
801	4	1.00
801	5	1.00
801	6	0.88
802	1	1.00
802	2	1.00
802	3	1.00
802	4	1.00
802	5	0.96
803	1	1.00
803	2	1.00
803	3	1.00
803	4	1.00
803	5	1.00
803	6	1.00
803	7	1.00
803	8	0.20
804	1	1.00
804	2	1.00
804	3	0.63
805	1	1.00
805	2	0.27
806	1	1.00
806	2	1.00
806	3	1.00
806	4	0.94
807	1	1.00
807	2	1.00
807	3	1.00
807	4	1.00
807	5	0.35
808	1	1.00
808	2	1.00
808	3	0.82
809	1	1.00
809	2	1.00
809	3	1.00
809	4	1.00
809	5	1.00
809	6	1.00
809	7	1.00
809	8	0.36
810	1	1.00
810	2	1.00
810	3	1.00
810	4	0.65
811	1	1.00
811	2	1.00
811	3	1.00
811	4	0.49
812	1	1.00
812	2	1.00
812	3	1.00
812	4	0.92
813	1	1.00
813	2	1.00
813	3	1.00
813	4	1.00
813	5	1.00
813	6	1.00
813	7	1.00
813	8	1.00
813	9	1.00
813	10	0.63
814	1	1.00
814	2	1.00
814	3	1.00
814	4	0.59
815	1	1.00
815	2	1.00
815	3	1.00
815	4	1.00
815	5	1.00
815	6	1.00
815	7	1.00
815	8	1.00
815	9	0.13
816	1	1.00
816	2	1.00
816	3	0.23
817	1	1.00
817	2	0.30
818	1	1.00
818	2	0.45
819	1	1.00
819	2	0.14
820	1	1.00
820	2	1.00
820	3	1.00
820	4	1.00
820	5	1.00
820	6	1.00
820	7	1.00
820	8	1.00
820	9	0.21
821	1	1.00
821	2	0.23
822	1	1.00
822	2	1.00
822	3	1.00
822	4	0.17
823	1	1.00
823	2	1.00
823	3	1.00
823	4	1.00
823	5	1.00
823	6	1.00
823	7	1.00
823	8	0.25
824	1	1.00
824	2	1.00
824	3	1.00
824	4	1.00
824	5	1.00
824	6	0.90
825	1	1.00
825	2	0.11
826	1	1.00
826	2	1.00
826	3	1.00
826	4	0.66
827	1	1.00
827	2	1.00
827	3	1.00
827	4	1.00
827	5	1.00
827	6	1.00
827	7	1.00
828	1	1.00
828	2	1.00
828	3	0.99
829	1	1.00
829	2	1.00
829	3	1.00
829	4	1.00
829	5	0.31
830	1	1.00
830	2	0.26
831	1	1.00
831	2	1.00
831	3	1.00
831	4	1.00
831	5	1.00
831	6	0.76
832	1	1.00
832	2	1.00
832	3	1.00
832	4	0.91
833	1	1.00
833	2	1.00
833	3	1.00
833	4	1.00
833	5	1.00
833	6	0.47
834	1	1.00
834	2	0.71
835	1	1.00
835	2	1.00
835	3	0.21
836	1	1.00
836	2	0.38
837	1	1.00
837	2	1.00
837	3	1.00
837	4	1.00
837	5	1.00
837	6	1.00
837	7	0.73
838	1	1.00
838	2	1.00
838	3	1.00
838	4	1.00
838	5	1.00
838	6	1.00
838	7	0.30
839	1	1.00
839	2	1.00
839	3	1.00
839	4	1.00
839	5	1.00
839	6	1.00
839	7	1.00
839	8	1.00
839	9	1.00
839	10	1.00
839	11	0.19
840	1	1.00
840	2	1.00
840	3	1.00
840	4	1.00
840	5	1.00
840	6	1.00
840	7	1.00
840	8	0.48
841	1	1.00
841	2	1.00
841	3	1.00
841	4	1.00
841	5	1.00
841	6	1.00
841	7	1.00
841	8	1.00
841	9	1.00
841	10	0.90
842	1	1.00
842	2	1.00
842	3	1.00
842	4	1.00
842	5	1.00
842	6	0.67
843	1	1.00
843	2	1.00
843	3	1.00
843	4	0.36
844	1	1.00
844	2	1.00
844	3	1.00
844	4	1.00
844	5	1.00
844	6	1.00
844	7	1.00
844	8	1.00
844	9	1.00
844	10	0.41
845	1	1.00
845	2	1.00
845	3	1.00
845	4	1.00
845	5	1.00
845	6	0.36
846	1	1.00
846	2	1.00
846	3	0.22
847	1	1.00
847	2	1.00
847	3	0.56
848	1	1.00
848	2	1.00
848	3	0.60
849	1	1.00
849	2	1.00
849	3	1.00
849	4	1.00
849	5	1.00
849	6	1.00
849	7	1.00
849	8	1.00
849	9	0.98
850	1	1.00
850	2	1.00
850	3	1.00
850	4	1.00
850	5	1.00
850	6	1.00
850	7	1.00
850	8	0.73
851	1	1.00
851	2	1.00
851	3	1.00
851	4	1.00
851	5	0.31
852	1	1.00
852	2	1.00
852	3	1.00
852	4	1.00
852	5	0.92
853	1	1.00
853	2	0.32
854	1	1.00
854	2	1.00
854	3	1.00
854	4	0.06
855	1	1.00
855	2	1.00
855	3	1.00
855	4	0.53
856	1	1.00
856	2	1.00
856	3	1.00
856	4	1.00
856	5	0.60
857	1	1.00
857	2	1.00
857	3	1.00
857	4	0.03
858	1	1.00
858	2	1.00
858	3	1.00
858	4	1.00
858	5	1.00
858	6	1.00
858	7	1.00
858	8	0.87
859	1	1.00
859	2	1.00
859	3	0.99
860	1	1.00
860	2	1.00
860	3	0.77
861	1	1.00
861	2	1.00
861	3	1.00
861	4	1.00
861	5	1.00
861	6	1.00
861	7	1.00
861	8	1.00
861	9	1.00
861	10	0.67
862	1	1.00
862	2	1.00
862	3	1.00
862	4	0.38
863	1	1.00
863	2	1.00
863	3	0.25
864	1	1.00
864	2	1.00
864	3	1.00
864	4	0.68
865	1	1.00
865	2	1.00
865	3	0.55
866	1	1.00
866	2	1.00
866	3	1.00
866	4	1.00
866	5	1.00
866	6	1.00
866	7	1.00
866	8	0.77
867	1	1.00
867	2	1.00
867	3	1.00
867	4	1.00
867	5	0.75
868	1	1.00
868	2	1.00
868	3	1.00
868	4	1.00
868	5	1.00
868	6	1.00
868	7	1.00
868	8	1.00
868	9	1.00
868	10	0.83
869	1	1.00
869	2	1.00
869	3	1.00
869	4	1.00
869	5	0.67
870	1	1.00
870	2	1.00
870	3	1.00
870	4	1.00
870	5	1.00
870	6	1.00
870	7	1.00
870	8	1.00
870	9	1.00
870	10	1.00
870	11	0.34
871	1	1.00
871	2	0.70
872	1	1.00
872	2	1.00
872	3	1.00
872	4	1.00
872	5	1.00
872	6	1.00
872	7	1.00
872	8	1.00
872	9	1.00
872	10	1.00
872	11	0.89
873	1	1.00
873	2	1.00
873	3	1.00
873	4	0.14
874	1	1.00
874	2	1.00
874	3	1.00
874	4	1.00
874	5	1.00
874	6	0.63
875	1	1.00
875	2	1.00
875	3	1.00
875	4	1.00
875	5	0.96
876	1	1.00
876	2	1.00
876	3	1.00
876	4	1.00
876	5	1.00
876	6	1.00
876	7	1.00
876	8	0.92
877	1	1.00
877	2	1.00
877	3	1.00
877	4	1.00
877	5	1.00
877	6	1.00
877	7	1.00
877	8	1.00
877	9	0.50
878	1	1.00
878	2	1.00
878	3	1.00
878	4	1.00
878	5	0.47
879	1	1.00
879	2	1.00
879	3	1.00
879	4	1.00
879	5	0.34
880	1	1.00
880	2	0.98
881	1	1.00
881	2	1.00
881	3	0.76
882	1	1.00
882	2	1.00
882	3	1.00
882	4	1.00
882	5	1.00
882	6	1.00
882	7	1.00
882	8	1.00
882	9	0.11
883	1	1.00
883	2	1.00
883	3	1.00
883	4	1.00
883	5	1.00
883	6	1.00
883	7	1.00
883	8	1.00
883	9	1.00
883	10	1.00
883	11	0.24
884	1	1.00
884	2	1.00
884	3	0.01
885	1	1.00
885	2	1.00
885	3	0.85
886	1	1.00
886	2	1.00
886	3	1.00
886	4	1.00
886	5	1.00
886	6	1.00
886	7	1.00
886	8	1.00
886	9	1.00
886	10	0.58
887	1	1.00
887	2	0.83
888	1	1.00
888	2	1.00
888	3	0.86
889	1	1.00
889	2	0.75
890	1	1.00
890	2	1.00
890	3	1.00
890	4	0.61
891	1	1.00
891	2	1.00
891	3	1.00
891	4	0.40
892	1	1.00
892	2	1.00
892	3	0.67
893	1	1.00
893	2	1.00
893	3	1.00
893	4	1.00
893	5	1.00
893	6	0.48
894	1	1.00
894	2	1.00
894	3	1.00
894	4	0.33
895	1	1.00
895	2	1.00
895	3	1.00
895	4	0.31
896	1	1.00
896	2	1.00
896	3	0.04
897	1	1.00
897	2	1.00
897	3	1.00
897	4	1.00
897	5	1.00
897	6	1.00
897	7	1.00
897	8	0.81
898	1	1.00
898	2	1.00
898	3	1.00
898	4	1.00
898	5	1.00
898	6	0.60
899	1	1.00
899	2	1.00
899	3	1.00
899	4	1.00
899	5	1.00
899	6	1.00
899	7	1.00
899	8	1.00
899	9	1.00
899	10	0.48
900	1	1.00
900	2	1.00
900	3	1.00
900	4	0.05
901	1	1.00
901	2	1.00
901	3	0.75
902	1	1.00
902	2	1.00
902	3	0.59
903	1	1.00
903	2	1.00
903	3	1.00
903	4	1.00
903	5	1.00
903	6	1.00
903	7	0.52
904	1	1.00
904	2	1.00
904	3	1.00
904	4	1.00
904	5	1.00
904	6	1.00
904	7	1.00
904	8	1.00
904	9	1.00
904	10	1.00
904	11	0.00
905	1	1.00
905	2	1.00
905	3	1.00
905	4	1.00
905	5	1.00
905	6	1.00
905	7	1.00
905	8	1.00
905	9	1.00
905	10	1.00
905	11	0.98
906	1	1.00
906	2	1.00
906	3	0.11
907	1	1.00
907	2	1.00
907	3	1.00
907	4	1.00
907	5	0.53
908	1	1.00
908	2	1.00
908	3	1.00
908	4	1.00
908	5	1.00
908	6	0.68
909	1	1.00
909	2	1.00
909	3	1.00
909	4	1.00
909	5	0.34
910	1	1.00
910	2	1.00
910	3	1.00
910	4	0.92
911	1	1.00
911	2	1.00
911	3	0.71
912	1	1.00
912	2	0.46
913	1	1.00
913	2	1.00
913	3	1.00
913	4	1.00
913	5	1.00
913	6	1.00
913	7	1.00
913	8	0.38
914	1	1.00
914	2	1.00
914	3	1.00
914	4	1.00
914	5	1.00
914	6	1.00
914	7	0.94
915	1	1.00
915	2	1.00
915	3	0.29
916	1	1.00
916	2	1.00
916	3	0.53
917	1	1.00
917	2	1.00
917	3	0.80
918	1	1.00
918	2	1.00
918	3	1.00
918	4	0.89
919	1	1.00
919	2	1.00
919	3	0.78
920	1	1.00
920	2	1.00
920	3	1.00
920	4	0.84
921	1	1.00
921	2	1.00
921	3	1.00
921	4	1.00
921	5	0.72
922	1	1.00
922	2	1.00
922	3	0.39
923	1	1.00
923	2	1.00
923	3	1.00
923	4	1.00
923	5	1.00
923	6	1.00
923	7	1.00
923	8	1.00
923	9	0.58
924	1	1.00
924	2	1.00
924	3	1.00
924	4	1.00
924	5	1.00
924	6	1.00
924	7	1.00
924	8	0.28
925	1	1.00
925	2	1.00
925	3	1.00
925	4	1.00
925	5	1.00
925	6	1.00
925	7	0.14
926	1	1.00
926	2	1.00
926	3	1.00
926	4	1.00
926	5	0.93
927	1	1.00
927	2	1.00
927	3	1.00
927	4	1.00
927	5	1.00
927	6	1.00
927	7	1.00
927	8	1.00
927	9	1.00
927	10	0.24
928	1	1.00
928	2	1.00
928	3	1.00
928	4	1.00
928	5	1.00
928	6	1.00
928	7	0.94
929	1	1.00
929	2	1.00
929	3	1.00
929	4	1.00
929	5	1.00
929	6	1.00
929	7	1.00
929	8	1.00
929	9	1.00
929	10	1.00
929	11	0.06
930	1	1.00
930	2	1.00
930	3	1.00
930	4	0.81
931	1	1.00
931	2	1.00
931	3	1.00
931	4	1.00
931	5	1.00
931	6	1.00
931	7	1.00
931	8	1.00
931	9	0.97
932	1	1.00
932	2	1.00
932	3	1.00
932	4	1.00
932	5	1.00
932	6	1.00
932	7	1.00
932	8	0.34
933	1	1.00
933	2	1.00
933	3	0.96
934	1	1.00
934	2	1.00
934	3	1.00
934	4	0.53
935	1	1.00
935	2	1.00
935	3	1.00
935	4	0.87
936	1	1.00
936	2	1.00
936	3	0.90
937	1	1.00
937	2	1.00
937	3	0.66
938	1	1.00
938	2	1.00
938	3	1.00
938	4	1.00
938	5	1.00
938	6	1.00
938	7	0.17
939	1	1.00
939	2	1.00
939	3	1.00
939	4	0.31
940	1	1.00
940	2	1.00
940	3	1.00
940	4	1.00
940	5	1.00
940	6	1.00
940	7	1.00
940	8	0.59
941	1	1.00
941	2	1.00
941	3	1.00
941	4	0.83
942	1	1.00
942	2	1.00
942	3	1.00
942	4	1.00
942	5	1.00
942	6	1.00
942	7	1.00
942	8	0.43
943	1	1.00
943	2	1.00
943	3	1.00
943	4	1.00
943	5	1.00
943	6	1.00
943	7	1.00
943	8	1.00
943	9	1.00
943	10	0.81
944	1	1.00
944	2	0.86
945	1	1.00
945	2	1.00
945	3	1.00
945	4	1.00
945	5	1.00
945	6	1.00
945	7	1.00
945	8	1.00
945	9	1.00
945	10	1.00
945	11	0.16
946	1	1.00
946	2	1.00
946	3	1.00
946	4	1.00
946	5	1.00
946	6	1.00
946	7	1.00
946	8	1.00
946	9	0.06
947	1	1.00
947	2	1.00
947	3	1.00
947	4	1.00
947	5	1.00
947	6	1.00
947	7	1.00
947	8	1.00
947	9	0.48
948	1	1.00
948	2	1.00
948	3	1.00
948	4	1.00
948	5	1.00
948	6	1.00
948	7	1.00
948	8	1.00
948	9	0.38
949	1	1.00
949	2	1.00
949	3	0.90
950	1	1.00
950	2	1.00
950	3	1.00
950	4	1.00
950	5	0.20
951	1	1.00
951	2	1.00
951	3	0.37
952	1	1.00
952	2	1.00
952	3	1.00
952	4	1.00
952	5	1.00
952	6	1.00
952	7	1.00
952	8	0.85
953	1	1.00
953	2	1.00
953	3	0.54
954	1	1.00
954	2	1.00
954	3	1.00
954	4	1.00
954	5	1.00
954	6	1.00
954	7	1.00
954	8	0.72
955	1	1.00
955	2	1.00
955	3	1.00
955	4	0.55
956	1	1.00
956	2	1.00
956	3	1.00
956	4	1.00
956	5	1.00
956	6	1.00
956	7	1.00
956	8	1.00
956	9	0.82
957	1	1.00
957	2	1.00
957	3	1.00
957	4	1.00
957	5	1.00
957	6	0.49
958	1	1.00
958	2	0.51
959	1	1.00
959	2	1.00
959	3	1.00
959	4	1.00
959	5	1.00
959	6	1.00
959	7	1.00
959	8	0.51
960	1	1.00
960	2	1.00
960	3	1.00
960	4	0.21
961	1	1.00
961	2	1.00
961	3	1.00
961	4	1.00
961	5	0.99
962	1	1.00
962	2	1.00
962	3	1.00
962	4	1.00
962	5	0.75
963	1	1.00
963	2	1.00
963	3	1.00
963	4	1.00
963	5	0.78
964	1	1.00
964	2	0.93
965	1	1.00
965	2	1.00
965	3	1.00
965	4	1.00
965	5	1.00
965	6	1.00
965	7	1.00
965	8	1.00
965	9	1.00
965	10	1.00
965	11	0.65
966	1	1.00
966	2	1.00
966	3	1.00
966	4	1.00
966	5	1.00
966	6	0.27
967	1	1.00
967	2	1.00
967	3	0.33
968	1	1.00
968	2	1.00
968	3	1.00
968	4	0.96
969	1	1.00
969	2	1.00
969	3	1.00
969	4	1.00
969	5	1.00
969	6	1.00
969	7	0.50
970	1	1.00
970	2	0.13
971	1	1.00
971	2	1.00
971	3	0.45
972	1	1.00
972	2	1.00
972	3	0.85
973	1	1.00
973	2	1.00
973	3	1.00
973	4	1.00
973	5	1.00
973	6	0.52
974	1	1.00
974	2	1.00
974	3	1.00
974	4	1.00
974	5	1.00
974	6	1.00
974	7	1.00
974	8	0.24
975	1	1.00
975	2	1.00
975	3	1.00
975	4	1.00
975	5	1.00
975	6	0.31
976	1	1.00
976	2	1.00
976	3	0.16
977	1	1.00
977	2	1.00
977	3	0.37
978	1	1.00
978	2	1.00
978	3	1.00
978	4	1.00
978	5	0.11
979	1	1.00
979	2	0.05
980	1	1.00
980	2	1.00
980	3	1.00
980	4	1.00
980	5	1.00
980	6	1.00
980	7	1.00
980	8	0.38
981	1	1.00
981	2	1.00
981	3	1.00
981	4	0.18
982	1	1.00
982	2	1.00
982	3	0.85
983	1	1.00
983	2	1.00
983	3	1.00
983	4	1.00
983	5	1.00
983	6	1.00
983	7	1.00
983	8	1.00
983	9	1.00
983	10	1.00
983	11	0.45
984	1	1.00
984	2	1.00
984	3	1.00
984	4	1.00
984	5	1.00
984	6	1.00
984	7	1.00
984	8	0.06
985	1	1.00
985	2	1.00
985	3	1.00
985	4	0.72
986	1	1.00
986	2	1.00
986	3	1.00
986	4	0.53
987	1	1.00
987	2	0.70
988	1	1.00
988	2	1.00
988	3	1.00
988	4	1.00
988	5	1.00
988	6	0.66
989	1	1.00
989	2	0.98
990	1	1.00
990	2	1.00
990	3	1.00
990	4	1.00
990	5	1.00
990	6	1.00
990	7	1.00
990	8	1.00
990	9	0.90
991	1	1.00
991	2	1.00
991	3	1.00
991	4	1.00
991	5	1.00
991	6	1.00
991	7	0.28
992	1	1.00
992	2	1.00
992	3	1.00
992	4	1.00
992	5	1.00
992	6	1.00
992	7	1.00
992	8	1.00
992	9	0.18
993	1	1.00
993	2	1.00
993	3	0.77
994	1	1.00
994	2	0.81
995	1	1.00
995	2	1.00
995	3	1.00
995	4	1.00
995	5	1.00
995	6	1.00
995	7	0.87
996	1	1.00
996	2	1.00
996	3	1.00
996	4	1.00
996	5	0.47
997	1	1.00
997	2	1.00
997	3	1.00
997	4	1.00
997	5	1.00
997	6	1.00
997	7	1.00
997	8	0.87
998	1	1.00
998	2	1.00
998	3	1.00
998	4	0.95
999	1	1.00
999	2	1.00
999	3	1.00
999	4	1.00
999	5	1.00
999	6	1.00
999	7	0.94
1000	1	1.00
1000	2	1.00
1000	3	1.00
1000	4	1.00
1000	5	1.00
1000	6	1.00
1000	7	1.00
1000	8	1.00
1000	9	0.23
