p	Fe	Ma
1	0	1
2	0	1
3	0	1
4	1	0
5	1	0
6	0	1
7	1	0
8	1	0
9	1	0
10	0	1
11	0	1
12	0	1
13	0	1
14	0	1
15	0	1
16	0	1
17	0	1
18	0	1
19	1	0
20	1	0
21	1	0
22	0	1
23	0	1
24	1	0
25	0	1
26	0	1
27	1	0
28	1	0
29	0	1
30	0	1
31	1	0
32	1	0
33	1	0
34	0	1
35	1	0
36	1	0
37	0	1
38	1	0
39	0	1
40	1	0
41	1	0
42	0	1
43	0	1
44	0	1
45	1	0
46	0	1
47	1	0
48	0	1
49	0	1
50	0	1
51	0	1
52	1	0
53	1	0
54	1	0
55	0	1
56	0	1
57	0	1
58	0	1
59	1	0
60	1	0
61	1	0
62	0	1
63	0	1
64	1	0
65	0	1
66	1	0
67	0	1
68	0	1
69	0	1
70	0	1
71	1	0
72	1	0
73	0	1
74	1	0
75	1	0
76	0	1
77	1	0
78	0	1
79	0	1
80	0	1
81	1	0
82	0	1
83	0	1
84	0	1
85	0	1
86	1	0
87	1	0
88	1	0
89	1	0
90	1	0
91	0	1
92	1	0
93	0	1
94	0	1
95	1	0
96	0	1
97	1	0
98	1	0
99	1	0
100	0	1
101	0	1
102	1	0
103	0	1
104	1	0
105	0	1
106	1	0
107	1	0
108	1	0
109	0	1
110	1	0
111	0	1
112	0	1
113	1	0
114	1	0
115	0	1
116	1	0
117	1	0
118	1	0
119	0	1
120	1	0
121	0	1
122	0	1
123	1	0
124	0	1
125	0	1
126	1	0
127	0	1
128	1	0
129	0	1
130	1	0
131	1	0
132	0	1
133	1	0
134	0	1
135	1	0
136	1	0
137	0	1
138	1	0
139	1	0
140	1	0
141	0	1
142	1	0
143	0	1
144	1	0
145	0	1
146	0	1
147	0	1
148	1	0
149	0	1
150	1	0
151	0	1
152	1	0
153	1	0
154	0	1
155	0	1
156	1	0
157	0	1
158	0	1
159	0	1
160	1	0
161	1	0
162	0	1
163	1	0
164	0	1
165	0	1
166	0	1
167	1	0
168	1	0
169	0	1
170	1	0
171	1	0
172	0	1
173	1	0
174	0	1
175	1	0
176	0	1
177	1	0
178	0	1
179	0	1
180	1	0
181	1	0
182	0	1
183	1	0
184	0	1
185	1	0
186	1	0
187	0	1
188	0	1
189	1	0
190	0	1
191	0	1
192	1	0
193	0	1
194	1	0
195	0	1
196	1	0
197	0	1
198	1	0
199	1	0
200	0	1
201	0	1
202	1	0
203	0	1
204	1	0
205	1	0
206	0	1
207	0	1
208	1	0
209	1	0
210	0	1
211	1	0
212	0	1
213	1	0
214	1	0
215	0	1
216	0	1
217	0	1
218	0	1
219	0	1
220	1	0
221	1	0
222	1	0
223	1	0
224	1	0
225	1	0
226	0	1
227	1	0
228	0	1
229	0	1
230	0	1
231	0	1
232	1	0
233	0	1
234	1	0
235	0	1
236	1	0
237	1	0
238	1	0
239	1	0
240	1	0
241	1	0
242	1	0
243	1	0
244	1	0
245	0	1
246	0	1
247	1	0
248	0	1
249	1	0
250	0	1
251	0	1
252	0	1
253	0	1
254	0	1
255	1	0
256	1	0
257	1	0
258	0	1
259	0	1
260	0	1
261	0	1
262	0	1
263	0	1
264	1	0
265	0	1
266	1	0
267	0	1
268	1	0
269	0	1
270	1	0
271	1	0
272	1	0
273	1	0
274	0	1
275	1	0
276	0	1
277	0	1
278	1	0
279	1	0
280	0	1
281	1	0
282	0	1
283	1	0
284	1	0
285	1	0
286	1	0
287	0	1
288	0	1
289	0	1
290	0	1
291	1	0
292	0	1
293	0	1
294	1	0
295	0	1
296	1	0
297	1	0
298	1	0
299	1	0
300	0	1
301	0	1
302	0	1
303	1	0
304	0	1
305	1	0
306	1	0
307	1	0
308	1	0
309	0	1
310	1	0
311	0	1
312	0	1
313	1	0
314	1	0
315	1	0
316	1	0
317	0	1
318	1	0
319	0	1
320	0	1
321	1	0
322	0	1
323	1	0
324	0	1
325	1	0
326	0	1
327	0	1
328	0	1
329	0	1
330	1	0
331	0	1
332	1	0
333	1	0
334	0	1
335	1	0
336	0	1
337	0	1
338	0	1
339	0	1
340	1	0
341	0	1
342	1	0
343	1	0
344	1	0
345	1	0
346	0	1
347	0	1
348	1	0
349	1	0
350	0	1
351	0	1
352	1	0
353	1	0
354	1	0
355	0	1
356	1	0
357	0	1
358	1	0
359	0	1
360	1	0
361	0	1
362	0	1
363	1	0
364	0	1
365	1	0
366	1	0
367	0	1
368	0	1
369	0	1
370	1	0
371	1	0
372	1	0
373	1	0
374	1	0
375	1	0
376	1	0
377	1	0
378	0	1
379	1	0
380	0	1
381	0	1
382	0	1
383	0	1
384	0	1
385	0	1
386	1	0
387	1	0
388	1	0
389	0	1
390	1	0
391	0	1
392	1	0
393	1	0
394	1	0
395	1	0
396	1	0
397	0	1
398	0	1
399	0	1
400	0	1
401	0	1
402	0	1
403	1	0
404	0	1
405	0	1
406	0	1
407	1	0
408	1	0
409	1	0
410	0	1
411	1	0
412	0	1
413	1	0
414	1	0
415	0	1
416	0	1
417	0	1
418	0	1
419	1	0
420	1	0
421	0	1
422	1	0
423	1	0
424	1	0
425	1	0
426	0	1
427	1	0
428	1	0
429	1	0
430	1	0
431	0	1
432	1	0
433	0	1
434	1	0
435	0	1
436	0	1
437	1	0
438	1	0
439	0	1
440	1	0
441	0	1
442	1	0
443	1	0
444	1	0
445	1	0
446	0	1
447	1	0
448	0	1
449	0	1
450	0	1
451	0	1
452	0	1
453	0	1
454	1	0
455	0	1
456	0	1
457	0	1
458	1	0
459	0	1
460	1	0
461	0	1
462	0	1
463	0	1
464	1	0
465	0	1
466	1	0
467	1	0
468	1	0
469	1	0
470	1	0
471	1	0
472	0	1
473	1	0
474	0	1
475	1	0
476	1	0
477	1	0
478	1	0
479	1	0
480	0	1
481	0	1
482	0	1
483	1	0
484	1	0
485	0	1
486	1	0
487	0	1
488	0	1
489	0	1
490	1	0
491	0	1
492	1	0
493	1	0
494	0	1
495	0	1
496	0	1
497	1	0
498	1	0
499	0	1
500	0	1
501	1	0
502	1	0
503	1	0
504	1	0
505	1	0
506	0	1
507	0	1
508	1	0
509	1	0
510	1	0
511	1	0
512	0	1
513	0	1
514	1	0
515	1	0
516	0	1
517	1	0
518	0	1
519	1	0
520	1	0
521	0	1
522	0	1
523	0	1
524	0	1
525	0	1
526	0	1
527	0	1
528	1	0
529	0	1
530	1	0
531	1	0
532	1	0
533	1	0
534	1	0
535	1	0
536	1	0
537	0	1
538	0	1
539	0	1
540	0	1
541	1	0
542	0	1
543	0	1
544	0	1
545	1	0
546	1	0
547	0	1
548	1	0
549	1	0
550	1	0
551	1	0
552	0	1
553	1	0
554	0	1
555	1	0
556	0	1
557	1	0
558	1	0
559	0	1
560	0	1
561	0	1
562	0	1
563	1	0
564	1	0
565	0	1
566	0	1
567	0	1
568	0	1
569	0	1
570	0	1
571	1	0
572	1	0
573	0	1
574	1	0
575	1	0
576	0	1
577	1	0
578	1	0
579	1	0
580	0	1
581	1	0
582	0	1
583	1	0
584	1	0
585	0	1
586	0	1
587	0	1
588	0	1
589	0	1
590	1	0
591	1	0
592	1	0
593	0	1
594	0	1
595	1	0
596	1	0
597	1	0
598	1	0
599	0	1
600	0	1
601	0	1
602	1	0
603	0	1
604	0	1
605	1	0
606	1	0
607	0	1
608	1	0
609	0	1
610	1	0
611	0	1
612	0	1
613	0	1
614	0	1
615	0	1
616	0	1
617	1	0
618	1	0
619	0	1
620	1	0
621	0	1
622	1	0
623	1	0
624	1	0
625	0	1
626	1	0
627	1	0
628	0	1
629	1	0
630	1	0
631	1	0
632	1	0
633	1	0
634	1	0
635	1	0
636	0	1
637	1	0
638	1	0
639	1	0
640	1	0
641	1	0
642	0	1
643	0	1
644	1	0
645	0	1
646	0	1
647	1	0
648	0	1
649	1	0
650	0	1
651	1	0
652	0	1
653	0	1
654	0	1
655	0	1
656	0	1
657	0	1
658	0	1
659	0	1
660	1	0
661	1	0
662	0	1
663	0	1
664	1	0
665	0	1
666	0	1
667	1	0
668	0	1
669	1	0
670	0	1
671	1	0
672	0	1
673	0	1
674	0	1
675	1	0
676	1	0
677	1	0
678	0	1
679	0	1
680	1	0
681	0	1
682	1	0
683	1	0
684	0	1
685	0	1
686	0	1
687	0	1
688	1	0
689	1	0
690	1	0
691	0	1
692	1	0
693	1	0
694	1	0
695	0	1
696	0	1
697	0	1
698	1	0
699	0	1
700	0	1
701	0	1
702	0	1
703	0	1
704	0	1
705	1	0
706	0	1
707	1	0
708	1	0
709	0	1
710	0	1
711	0	1
712	1	0
713	0	1
714	1	0
715	1	0
716	0	1
717	1	0
718	0	1
719	0	1
720	1	0
721	1	0
722	1	0
723	0	1
724	0	1
725	1	0
726	0	1
727	0	1
728	0	1
729	0	1
730	1	0
731	1	0
732	0	1
733	0	1
734	1	0
735	1	0
736	1	0
737	0	1
738	0	1
739	1	0
740	0	1
741	0	1
742	0	1
743	1	0
744	0	1
745	0	1
746	1	0
747	1	0
748	0	1
749	1	0
750	1	0
751	0	1
752	0	1
753	1	0
754	1	0
755	0	1
756	1	0
757	0	1
758	1	0
759	0	1
760	1	0
761	1	0
762	0	1
763	1	0
764	0	1
765	1	0
766	0	1
767	0	1
768	1	0
769	1	0
770	0	1
771	1	0
772	1	0
773	0	1
774	0	1
775	1	0
776	0	1
777	1	0
778	1	0
779	0	1
780	1	0
781	0	1
782	1	0
783	1	0
784	0	1
785	0	1
786	0	1
787	1	0
788	1	0
789	0	1
790	0	1
791	1	0
792	1	0
793	1	0
794	1	0
795	0	1
796	1	0
797	1	0
798	0	1
799	1	0
800	1	0
801	1	0
802	1	0
803	1	0
804	1	0
805	0	1
806	0	1
807	1	0
808	0	1
809	0	1
810	1	0
811	1	0
812	0	1
813	0	1
814	0	1
815	1	0
816	0	1
817	1	0
818	0	1
819	0	1
820	1	0
821	0	1
822	0	1
823	1	0
824	1	0
825	1	0
826	1	0
827	1	0
828	0	1
829	0	1
830	1	0
831	0	1
832	0	1
833	0	1
834	0	1
835	0	1
836	1	0
837	1	0
838	1	0
839	1	0
840	0	1
841	0	1
842	1	0
843	1	0
844	0	1
845	1	0
846	0	1
847	1	0
848	0	1
849	0	1
850	1	0
851	1	0
852	0	1
853	0	1
854	1	0
855	1	0
856	1	0
857	0	1
858	1	0
859	1	0
860	0	1
861	0	1
862	1	0
863	0	1
864	1	0
865	1	0
866	1	0
867	0	1
868	1	0
869	0	1
870	1	0
871	1	0
872	1	0
873	1	0
874	0	1
875	0	1
876	1	0
877	1	0
878	1	0
879	1	0
880	0	1
881	0	1
882	1	0
883	1	0
884	1	0
885	1	0
886	1	0
887	1	0
888	1	0
889	1	0
890	0	1
891	0	1
892	0	1
893	0	1
894	0	1
895	0	1
896	1	0
897	0	1
898	0	1
899	0	1
900	0	1
901	1	0
902	1	0
903	0	1
904	0	1
905	1	0
906	0	1
907	1	0
908	0	1
909	1	0
910	1	0
911	0	1
912	0	1
913	1	0
914	0	1
915	0	1
916	0	1
917	1	0
918	1	0
919	0	1
920	1	0
921	0	1
922	1	0
923	1	0
924	1	0
925	1	0
926	0	1
927	1	0
928	0	1
929	0	1
930	0	1
931	0	1
932	0	1
933	1	0
934	0	1
935	0	1
936	0	1
937	1	0
938	1	0
939	0	1
940	1	0
941	0	1
942	0	1
943	0	1
944	0	1
945	0	1
946	0	1
947	1	0
948	1	0
949	1	0
950	1	0
951	1	0
952	0	1
953	1	0
954	0	1
955	0	1
956	1	0
957	1	0
958	0	1
959	1	0
960	1	0
961	0	1
962	1	0
963	0	1
964	0	1
965	1	0
966	1	0
967	1	0
968	1	0
969	0	1
970	1	0
971	1	0
972	0	1
973	1	0
974	0	1
975	0	1
976	1	0
977	0	1
978	1	0
979	0	1
980	0	1
981	1	0
982	0	1
983	1	0
984	0	1
985	1	0
986	0	1
987	0	1
988	0	1
989	1	0
990	0	1
991	0	1
992	1	0
993	1	0
994	1	0
995	0	1
996	0	1
997	0	1
998	0	1
999	0	1
1000	1	0
