p	d	Pr(p,d)
1	1	1.00
1	2	1.00
1	3	0.47
2	1	1.00
2	2	0.15
3	1	1.00
3	2	0.81
4	1	1.00
4	2	0.93
5	1	1.00
5	2	1.00
5	3	0.78
6	1	1.00
6	2	1.00
6	3	0.28
7	1	1.00
7	2	1.00
7	3	1.00
7	4	0.66
8	1	1.00
8	2	1.00
8	3	1.00
8	4	1.00
8	5	0.25
9	1	1.00
9	2	1.00
9	3	1.00
9	4	1.00
9	5	0.52
10	1	1.00
10	2	1.00
10	3	1.00
10	4	1.00
10	5	0.12
11	1	1.00
11	2	1.00
11	3	1.00
11	4	0.17
12	1	1.00
12	2	0.52
13	1	1.00
13	2	0.46
14	1	1.00
14	2	1.00
14	3	0.18
15	1	1.00
15	2	1.00
15	3	1.00
15	4	1.00
15	5	0.57
16	1	1.00
16	2	0.07
17	1	1.00
17	2	1.00
17	3	1.00
17	4	1.00
17	5	0.74
18	1	1.00
18	2	0.59
19	1	1.00
19	2	0.90
20	1	1.00
20	2	0.01
21	1	1.00
21	2	0.11
22	1	1.00
22	2	1.00
22	3	0.28
23	1	1.00
23	2	1.00
23	3	1.00
23	4	1.00
23	5	1.00
23	6	0.50
24	1	1.00
24	2	1.00
24	3	1.00
24	4	1.00
24	5	0.60
25	1	1.00
25	2	1.00
25	3	1.00
25	4	1.00
25	5	1.00
25	6	0.83
26	1	1.00
26	2	1.00
26	3	0.29
27	1	1.00
27	2	1.00
27	3	1.00
27	4	0.40
28	1	1.00
28	2	1.00
28	3	1.00
28	4	1.00
28	5	1.00
28	6	0.55
29	1	1.00
29	2	0.85
30	1	1.00
30	2	1.00
30	3	1.00
30	4	1.00
30	5	1.00
30	6	0.94
31	1	1.00
31	2	1.00
31	3	1.00
31	4	1.00
31	5	0.21
32	1	1.00
32	2	1.00
32	3	0.80
33	1	1.00
33	2	1.00
33	3	1.00
33	4	1.00
33	5	0.22
34	1	1.00
34	2	0.74
35	1	1.00
35	2	1.00
35	3	1.00
35	4	1.00
35	5	0.22
36	1	1.00
36	2	0.91
37	1	1.00
37	2	0.39
38	1	1.00
38	2	0.65
39	1	1.00
39	2	0.85
40	1	1.00
40	2	1.00
40	3	0.73
41	1	1.00
41	2	1.00
41	3	1.00
41	4	0.72
42	1	1.00
42	2	1.00
42	3	1.00
42	4	0.90
43	1	1.00
43	2	1.00
43	3	1.00
43	4	0.27
44	1	1.00
44	2	0.35
45	1	1.00
45	2	0.96
46	1	1.00
46	2	1.00
46	3	1.00
46	4	1.00
46	5	0.29
47	1	1.00
47	2	0.10
48	1	1.00
48	2	0.72
49	1	1.00
49	2	1.00
49	3	1.00
49	4	1.00
49	5	1.00
49	6	0.76
50	1	1.00
50	2	1.00
50	3	0.20
51	1	1.00
51	2	1.00
51	3	1.00
51	4	0.35
52	1	1.00
52	2	1.00
52	3	0.25
53	1	1.00
53	2	1.00
53	3	1.00
53	4	0.40
54	1	1.00
54	2	1.00
54	3	0.59
55	1	1.00
55	2	1.00
55	3	0.15
56	1	1.00
56	2	1.00
56	3	1.00
56	4	1.00
56	5	1.00
56	6	1.00
56	7	1.00
56	8	0.15
57	1	1.00
57	2	1.00
57	3	1.00
57	4	1.00
57	5	1.00
57	6	1.00
57	7	1.00
57	8	1.00
57	9	1.00
57	10	1.00
57	11	0.85
58	1	1.00
58	2	1.00
58	3	1.00
58	4	1.00
58	5	1.00
58	6	0.19
59	1	1.00
59	2	1.00
59	3	0.51
60	1	1.00
60	2	1.00
60	3	0.53
61	1	1.00
61	2	1.00
61	3	0.11
62	1	1.00
62	2	1.00
62	3	1.00
62	4	1.00
62	5	1.00
62	6	0.81
63	1	1.00
63	2	1.00
63	3	0.81
64	1	1.00
64	2	1.00
64	3	1.00
64	4	0.59
65	1	1.00
65	2	1.00
65	3	1.00
65	4	1.00
65	5	0.56
66	1	1.00
66	2	1.00
66	3	0.19
67	1	1.00
67	2	1.00
67	3	1.00
67	4	1.00
67	5	0.50
68	1	1.00
68	2	1.00
68	3	0.49
69	1	1.00
69	2	0.60
70	1	1.00
70	2	1.00
70	3	0.80
71	1	1.00
71	2	1.00
71	3	1.00
71	4	1.00
71	5	0.11
72	1	1.00
72	2	1.00
72	3	1.00
72	4	1.00
72	5	1.00
72	6	0.09
73	1	1.00
73	2	1.00
73	3	1.00
73	4	1.00
73	5	1.00
73	6	0.42
74	1	1.00
74	2	1.00
74	3	1.00
74	4	1.00
74	5	0.24
75	1	1.00
75	2	1.00
75	3	1.00
75	4	1.00
75	5	1.00
75	6	1.00
75	7	1.00
75	8	1.00
75	9	1.00
75	10	1.00
75	11	0.45
76	1	1.00
76	2	1.00
76	3	1.00
76	4	1.00
76	5	1.00
76	6	1.00
76	7	0.72
77	1	1.00
77	2	1.00
77	3	0.76
78	1	1.00
78	2	0.92
79	1	1.00
79	2	1.00
79	3	1.00
79	4	0.04
80	1	1.00
80	2	1.00
80	3	1.00
80	4	1.00
80	5	0.22
81	1	1.00
81	2	1.00
81	3	1.00
81	4	0.87
82	1	1.00
82	2	1.00
82	3	0.38
83	1	1.00
83	2	1.00
83	3	1.00
83	4	0.30
84	1	1.00
84	2	1.00
84	3	1.00
84	4	1.00
84	5	1.00
84	6	1.00
84	7	1.00
84	8	0.08
85	1	1.00
85	2	1.00
85	3	1.00
85	4	1.00
85	5	0.31
86	1	1.00
86	2	1.00
86	3	1.00
86	4	1.00
86	5	1.00
86	6	1.00
86	7	1.00
86	8	1.00
86	9	0.15
87	1	1.00
87	2	1.00
87	3	1.00
87	4	1.00
87	5	1.00
87	6	1.00
87	7	1.00
87	8	0.95
88	1	1.00
88	2	1.00
88	3	1.00
88	4	1.00
88	5	1.00
88	6	1.00
88	7	1.00
88	8	1.00
88	9	1.00
88	10	0.05
89	1	1.00
89	2	0.22
90	1	1.00
90	2	1.00
90	3	1.00
90	4	1.00
90	5	0.25
91	1	1.00
91	2	1.00
91	3	1.00
91	4	0.25
92	1	1.00
92	2	0.87
93	1	1.00
93	2	1.00
93	3	1.00
93	4	1.00
93	5	1.00
93	6	1.00
93	7	1.00
93	8	0.81
94	1	1.00
94	2	1.00
94	3	1.00
94	4	1.00
94	5	1.00
94	6	1.00
94	7	1.00
94	8	0.74
95	1	1.00
95	2	1.00
95	3	1.00
95	4	0.60
96	1	1.00
96	2	1.00
96	3	1.00
96	4	1.00
96	5	1.00
96	6	0.08
97	1	1.00
97	2	1.00
97	3	1.00
97	4	1.00
97	5	1.00
97	6	1.00
97	7	1.00
97	8	1.00
97	9	0.69
98	1	1.00
98	2	1.00
98	3	1.00
98	4	1.00
98	5	1.00
98	6	1.00
98	7	1.00
98	8	0.44
99	1	1.00
99	2	1.00
99	3	1.00
99	4	1.00
99	5	0.65
100	1	1.00
100	2	1.00
100	3	1.00
100	4	1.00
100	5	1.00
100	6	0.64
101	1	1.00
101	2	1.00
101	3	1.00
101	4	0.26
102	1	1.00
102	2	1.00
102	3	1.00
102	4	1.00
102	5	1.00
102	6	1.00
102	7	1.00
102	8	1.00
102	9	1.00
102	10	0.16
103	1	1.00
103	2	1.00
103	3	0.74
104	1	1.00
104	2	1.00
104	3	0.78
105	1	1.00
105	2	0.60
106	1	1.00
106	2	1.00
106	3	0.57
107	1	1.00
107	2	1.00
107	3	1.00
107	4	0.13
108	1	1.00
108	2	1.00
108	3	1.00
108	4	1.00
108	5	1.00
108	6	1.00
108	7	1.00
108	8	0.84
109	1	1.00
109	2	1.00
109	3	0.22
110	1	1.00
110	2	1.00
110	3	1.00
110	4	1.00
110	5	1.00
110	6	1.00
110	7	1.00
110	8	1.00
110	9	1.00
110	10	0.55
111	1	1.00
111	2	0.29
112	1	1.00
112	2	1.00
112	3	0.24
113	1	1.00
113	2	1.00
113	3	1.00
113	4	0.24
114	1	1.00
114	2	1.00
114	3	1.00
114	4	0.53
115	1	1.00
115	2	1.00
115	3	0.70
116	1	1.00
116	2	1.00
116	3	1.00
116	4	0.54
117	1	1.00
117	2	1.00
117	3	1.00
117	4	1.00
117	5	1.00
117	6	1.00
117	7	1.00
117	8	1.00
117	9	1.00
117	10	0.96
118	1	1.00
118	2	1.00
118	3	1.00
118	4	1.00
118	5	0.36
119	1	1.00
119	2	1.00
119	3	1.00
119	4	0.01
120	1	1.00
120	2	1.00
120	3	0.26
121	1	1.00
121	2	1.00
121	3	1.00
121	4	1.00
121	5	1.00
121	6	0.05
122	1	1.00
122	2	1.00
122	3	1.00
122	4	1.00
122	5	1.00
122	6	0.11
123	1	1.00
123	2	1.00
123	3	1.00
123	4	1.00
123	5	1.00
123	6	1.00
123	7	0.62
124	1	1.00
124	2	1.00
124	3	0.18
125	1	1.00
125	2	1.00
125	3	1.00
125	4	1.00
125	5	1.00
125	6	1.00
125	7	1.00
125	8	0.23
126	1	1.00
126	2	1.00
126	3	1.00
126	4	1.00
126	5	0.95
127	1	1.00
127	2	1.00
127	3	1.00
127	4	0.26
128	1	1.00
128	2	1.00
128	3	1.00
128	4	1.00
128	5	1.00
128	6	0.98
129	1	1.00
129	2	0.36
130	1	1.00
130	2	0.22
131	1	1.00
131	2	0.08
132	1	1.00
132	2	0.33
133	1	1.00
133	2	0.71
134	1	1.00
134	2	1.00
134	3	1.00
134	4	1.00
134	5	1.00
134	6	1.00
134	7	0.67
135	1	1.00
135	2	1.00
135	3	0.60
136	1	1.00
136	2	1.00
136	3	1.00
136	4	1.00
136	5	0.18
137	1	1.00
137	2	1.00
137	3	1.00
137	4	1.00
137	5	1.00
137	6	1.00
137	7	1.00
137	8	1.00
137	9	0.33
138	1	1.00
138	2	1.00
138	3	1.00
138	4	1.00
138	5	1.00
138	6	1.00
138	7	0.03
139	1	1.00
139	2	1.00
139	3	1.00
139	4	1.00
139	5	1.00
139	6	1.00
139	7	1.00
139	8	1.00
139	9	0.45
140	1	1.00
140	2	1.00
140	3	0.90
141	1	1.00
141	2	0.92
142	1	1.00
142	2	1.00
142	3	1.00
142	4	1.00
142	5	1.00
142	6	0.75
143	1	1.00
143	2	1.00
143	3	1.00
143	4	1.00
143	5	1.00
143	6	0.74
144	1	1.00
144	2	1.00
144	3	1.00
144	4	1.00
144	5	1.00
144	6	0.11
145	1	1.00
145	2	1.00
145	3	0.75
146	1	1.00
146	2	1.00
146	3	1.00
146	4	1.00
146	5	1.00
146	6	1.00
146	7	1.00
146	8	0.32
147	1	1.00
147	2	1.00
147	3	1.00
147	4	0.60
148	1	1.00
148	2	1.00
148	3	1.00
148	4	0.84
149	1	1.00
149	2	1.00
149	3	1.00
149	4	0.68
150	1	1.00
150	2	1.00
150	3	1.00
150	4	1.00
150	5	0.99
151	1	1.00
151	2	1.00
151	3	1.00
151	4	0.96
152	1	1.00
152	2	1.00
152	3	0.88
153	1	1.00
153	2	1.00
153	3	0.78
154	1	1.00
154	2	1.00
154	3	1.00
154	4	1.00
154	5	1.00
154	6	1.00
154	7	1.00
154	8	0.28
155	1	1.00
155	2	1.00
155	3	1.00
155	4	1.00
155	5	1.00
155	6	1.00
155	7	1.00
155	8	0.41
156	1	1.00
156	2	1.00
156	3	1.00
156	4	1.00
156	5	1.00
156	6	0.85
157	1	1.00
157	2	1.00
157	3	1.00
157	4	1.00
157	5	1.00
157	6	1.00
157	7	1.00
157	8	0.94
158	1	1.00
158	2	1.00
158	3	1.00
158	4	1.00
158	5	1.00
158	6	1.00
158	7	1.00
158	8	1.00
158	9	1.00
158	10	1.00
158	11	0.29
159	1	1.00
159	2	1.00
159	3	1.00
159	4	0.10
160	1	1.00
160	2	1.00
160	3	1.00
160	4	1.00
160	5	1.00
160	6	1.00
160	7	1.00
160	8	1.00
160	9	0.95
161	1	1.00
161	2	1.00
161	3	1.00
161	4	1.00
161	5	0.48
162	1	1.00
162	2	1.00
162	3	0.78
163	1	1.00
163	2	1.00
163	3	0.24
164	1	1.00
164	2	1.00
164	3	0.71
165	1	1.00
165	2	1.00
165	3	1.00
165	4	1.00
165	5	1.00
165	6	1.00
165	7	1.00
165	8	1.00
165	9	1.00
165	10	1.00
165	11	0.25
166	1	1.00
166	2	0.95
167	1	1.00
167	2	1.00
167	3	0.68
168	1	1.00
168	2	1.00
168	3	1.00
168	4	0.75
169	1	1.00
169	2	1.00
169	3	1.00
169	4	1.00
169	5	1.00
169	6	1.00
169	7	1.00
169	8	1.00
169	9	1.00
169	10	0.78
170	1	1.00
170	2	1.00
170	3	0.93
171	1	1.00
171	2	1.00
171	3	1.00
171	4	1.00
171	5	1.00
171	6	1.00
171	7	0.01
172	1	1.00
172	2	1.00
172	3	1.00
172	4	1.00
172	5	0.17
173	1	1.00
173	2	1.00
173	3	1.00
173	4	1.00
173	5	1.00
173	6	1.00
173	7	1.00
173	8	0.60
174	1	1.00
174	2	1.00
174	3	1.00
174	4	1.00
174	5	0.79
175	1	1.00
175	2	1.00
175	3	1.00
175	4	1.00
175	5	1.00
175	6	1.00
175	7	0.53
176	1	1.00
176	2	1.00
176	3	1.00
176	4	1.00
176	5	1.00
176	6	1.00
176	7	0.16
177	1	1.00
177	2	0.47
178	1	1.00
178	2	1.00
178	3	1.00
178	4	1.00
178	5	1.00
178	6	0.56
179	1	1.00
179	2	1.00
179	3	0.05
180	1	1.00
180	2	1.00
180	3	1.00
180	4	1.00
180	5	1.00
180	6	1.00
180	7	1.00
180	8	1.00
180	9	0.13
181	1	1.00
181	2	1.00
181	3	1.00
181	4	1.00
181	5	0.26
182	1	1.00
182	2	1.00
182	3	1.00
182	4	0.78
183	1	1.00
183	2	1.00
183	3	1.00
183	4	1.00
183	5	1.00
183	6	1.00
183	7	0.24
184	1	1.00
184	2	1.00
184	3	1.00
184	4	0.68
185	1	1.00
185	2	1.00
185	3	1.00
185	4	1.00
185	5	1.00
185	6	1.00
185	7	1.00
185	8	1.00
185	9	0.29
186	1	1.00
186	2	1.00
186	3	1.00
186	4	1.00
186	5	1.00
186	6	1.00
186	7	0.97
187	1	1.00
187	2	1.00
187	3	0.32
188	1	1.00
188	2	1.00
188	3	0.38
189	1	1.00
189	2	1.00
189	3	1.00
189	4	0.35
190	1	1.00
190	2	1.00
190	3	1.00
190	4	1.00
190	5	1.00
190	6	0.13
191	1	1.00
191	2	1.00
191	3	0.74
192	1	1.00
192	2	1.00
192	3	1.00
192	4	1.00
192	5	1.00
192	6	1.00
192	7	1.00
192	8	0.17
193	1	1.00
193	2	1.00
193	3	1.00
193	4	1.00
193	5	1.00
193	6	1.00
193	7	1.00
193	8	0.61
194	1	1.00
194	2	1.00
194	3	1.00
194	4	1.00
194	5	1.00
194	6	1.00
194	7	0.88
195	1	1.00
195	2	0.16
196	1	1.00
196	2	1.00
196	3	0.03
197	1	1.00
197	2	1.00
197	3	1.00
197	4	1.00
197	5	0.01
198	1	1.00
198	2	1.00
198	3	1.00
198	4	1.00
198	5	1.00
198	6	1.00
198	7	1.00
198	8	1.00
198	9	1.00
198	10	0.35
199	1	1.00
199	2	0.87
200	1	1.00
200	2	1.00
200	3	1.00
200	4	0.01
201	1	1.00
201	2	1.00
201	3	1.00
201	4	1.00
201	5	1.00
201	6	0.65
202	1	1.00
202	2	1.00
202	3	1.00
202	4	1.00
202	5	1.00
202	6	1.00
202	7	1.00
202	8	1.00
202	9	0.85
203	1	1.00
203	2	0.25
204	1	1.00
204	2	1.00
204	3	1.00
204	4	1.00
204	5	0.71
205	1	1.00
205	2	1.00
205	3	1.00
205	4	1.00
205	5	1.00
205	6	1.00
205	7	1.00
205	8	1.00
205	9	1.00
205	10	0.40
206	1	1.00
206	2	1.00
206	3	1.00
206	4	1.00
206	5	1.00
206	6	1.00
206	7	1.00
206	8	1.00
206	9	1.00
206	10	1.00
206	11	0.93
207	1	1.00
207	2	1.00
207	3	1.00
207	4	1.00
207	5	0.06
208	1	1.00
208	2	1.00
208	3	1.00
208	4	1.00
208	5	1.00
208	6	1.00
208	7	1.00
208	8	1.00
208	9	0.14
209	1	1.00
209	2	1.00
209	3	0.39
210	1	1.00
210	2	1.00
210	3	0.20
211	1	1.00
211	2	1.00
211	3	0.15
212	1	1.00
212	2	1.00
212	3	1.00
212	4	1.00
212	5	1.00
212	6	0.13
213	1	1.00
213	2	1.00
213	3	1.00
213	4	1.00
213	5	1.00
213	6	1.00
213	7	1.00
213	8	1.00
213	9	0.61
214	1	1.00
214	2	1.00
214	3	1.00
214	4	1.00
214	5	1.00
214	6	0.56
215	1	1.00
215	2	1.00
215	3	1.00
215	4	1.00
215	5	1.00
215	6	1.00
215	7	1.00
215	8	0.46
216	1	1.00
216	2	1.00
216	3	1.00
216	4	1.00
216	5	1.00
216	6	1.00
216	7	1.00
216	8	1.00
216	9	0.06
217	1	1.00
217	2	1.00
217	3	1.00
217	4	1.00
217	5	1.00
217	6	1.00
217	7	1.00
217	8	1.00
217	9	1.00
217	10	1.00
217	11	0.14
218	1	1.00
218	2	0.38
219	1	1.00
219	2	0.78
220	1	1.00
220	2	1.00
220	3	1.00
220	4	1.00
220	5	1.00
220	6	1.00
220	7	1.00
220	8	1.00
220	9	1.00
220	10	1.00
220	11	0.89
221	1	1.00
221	2	1.00
221	3	1.00
221	4	0.50
222	1	1.00
222	2	1.00
222	3	0.51
223	1	1.00
223	2	1.00
223	3	1.00
223	4	1.00
223	5	1.00
223	6	1.00
223	7	1.00
223	8	0.99
224	1	1.00
224	2	1.00
224	3	1.00
224	4	1.00
224	5	0.24
225	1	1.00
225	2	1.00
225	3	1.00
225	4	1.00
225	5	1.00
225	6	1.00
225	7	1.00
225	8	1.00
225	9	1.00
225	10	1.00
225	11	0.07
226	1	1.00
226	2	0.73
227	1	1.00
227	2	1.00
227	3	1.00
227	4	1.00
227	5	1.00
227	6	1.00
227	7	1.00
227	8	1.00
227	9	1.00
227	10	1.00
228	1	1.00
228	2	0.67
229	1	1.00
229	2	1.00
229	3	1.00
229	4	1.00
229	5	1.00
229	6	1.00
229	7	0.29
230	1	1.00
230	2	1.00
230	3	1.00
230	4	1.00
230	5	0.54
231	1	1.00
231	2	1.00
231	3	1.00
231	4	0.76
232	1	1.00
232	2	1.00
232	3	1.00
232	4	1.00
232	5	1.00
232	6	1.00
232	7	0.85
233	1	1.00
233	2	1.00
233	3	1.00
233	4	1.00
233	5	1.00
233	6	1.00
233	7	1.00
233	8	0.05
234	1	1.00
234	2	1.00
234	3	1.00
234	4	1.00
234	5	0.50
235	1	1.00
235	2	1.00
235	3	1.00
235	4	1.00
235	5	1.00
235	6	1.00
235	7	1.00
235	8	1.00
235	9	1.00
235	10	0.37
236	1	1.00
236	2	1.00
236	3	1.00
236	4	1.00
236	5	0.33
237	1	1.00
237	2	1.00
237	3	1.00
237	4	1.00
237	5	1.00
237	6	1.00
237	7	1.00
237	8	0.45
238	1	1.00
238	2	1.00
238	3	1.00
238	4	1.00
238	5	1.00
238	6	1.00
238	7	1.00
238	8	1.00
238	9	0.35
239	1	1.00
239	2	1.00
239	3	1.00
239	4	0.89
240	1	1.00
240	2	1.00
240	3	0.44
241	1	1.00
241	2	1.00
241	3	1.00
241	4	1.00
241	5	1.00
241	6	0.15
242	1	1.00
242	2	1.00
242	3	1.00
242	4	1.00
242	5	0.55
243	1	1.00
243	2	0.84
244	1	1.00
244	2	1.00
244	3	0.73
245	1	1.00
245	2	1.00
245	3	1.00
245	4	0.22
246	1	1.00
246	2	1.00
246	3	1.00
246	4	1.00
246	5	1.00
246	6	0.87
247	1	1.00
247	2	1.00
247	3	0.50
248	1	1.00
248	2	1.00
248	3	1.00
248	4	1.00
248	5	1.00
248	6	1.00
248	7	1.00
248	8	1.00
248	9	1.00
248	10	1.00
248	11	0.18
249	1	1.00
249	2	1.00
249	3	1.00
249	4	1.00
249	5	0.85
250	1	1.00
250	2	0.81
251	1	1.00
251	2	1.00
251	3	1.00
251	4	1.00
251	5	1.00
251	6	1.00
251	7	1.00
251	8	1.00
251	9	1.00
251	10	1.00
251	11	0.64
252	1	1.00
252	2	1.00
252	3	1.00
252	4	1.00
252	5	1.00
252	6	0.44
253	1	1.00
253	2	1.00
253	3	1.00
253	4	1.00
253	5	1.00
253	6	0.62
254	1	1.00
254	2	1.00
254	3	1.00
254	4	0.08
255	1	1.00
255	2	1.00
255	3	0.94
256	1	1.00
256	2	1.00
256	3	1.00
256	4	1.00
256	5	0.72
257	1	1.00
257	2	1.00
257	3	1.00
257	4	1.00
257	5	1.00
257	6	1.00
257	7	0.37
258	1	1.00
258	2	1.00
258	3	0.72
259	1	1.00
259	2	1.00
259	3	0.17
260	1	1.00
260	2	1.00
260	3	1.00
260	4	1.00
260	5	1.00
260	6	1.00
260	7	1.00
260	8	1.00
260	9	1.00
260	10	0.34
261	1	1.00
261	2	1.00
261	3	0.92
262	1	1.00
262	2	1.00
262	3	1.00
262	4	1.00
262	5	1.00
262	6	1.00
262	7	1.00
262	8	1.00
262	9	0.04
263	1	1.00
263	2	1.00
263	3	1.00
263	4	0.62
264	1	1.00
264	2	1.00
264	3	0.01
265	1	1.00
265	2	1.00
265	3	1.00
265	4	1.00
265	5	0.47
266	1	1.00
266	2	1.00
266	3	0.85
267	1	1.00
267	2	1.00
267	3	1.00
267	4	0.73
268	1	1.00
268	2	1.00
268	3	1.00
268	4	1.00
268	5	1.00
268	6	1.00
268	7	0.50
269	1	1.00
269	2	1.00
269	3	1.00
269	4	0.02
270	1	1.00
270	2	1.00
270	3	1.00
270	4	1.00
270	5	1.00
270	6	1.00
270	7	0.21
271	1	1.00
271	2	0.74
272	1	1.00
272	2	1.00
272	3	0.10
273	1	1.00
273	2	1.00
273	3	1.00
273	4	1.00
273	5	1.00
273	6	1.00
273	7	1.00
273	8	1.00
273	9	1.00
273	10	0.94
274	1	1.00
274	2	1.00
274	3	1.00
274	4	0.73
275	1	1.00
275	2	1.00
275	3	1.00
275	4	0.97
276	1	1.00
276	2	1.00
276	3	0.25
277	1	1.00
277	2	1.00
277	3	0.72
278	1	1.00
278	2	1.00
278	3	1.00
278	4	1.00
278	5	1.00
278	6	1.00
278	7	0.99
279	1	1.00
279	2	1.00
279	3	1.00
279	4	0.28
280	1	1.00
280	2	1.00
280	3	1.00
280	4	1.00
280	5	1.00
280	6	1.00
280	7	1.00
280	8	0.73
281	1	1.00
281	2	1.00
281	3	1.00
281	4	1.00
281	5	0.96
282	1	1.00
282	2	1.00
282	3	1.00
282	4	1.00
282	5	1.00
282	6	1.00
282	7	0.14
283	1	1.00
283	2	1.00
283	3	1.00
283	4	1.00
283	5	0.29
284	1	1.00
284	2	1.00
284	3	1.00
284	4	1.00
284	5	1.00
284	6	1.00
284	7	1.00
284	8	1.00
284	9	1.00
284	10	0.38
285	1	1.00
285	2	1.00
285	3	1.00
285	4	0.88
286	1	1.00
286	2	1.00
286	3	1.00
286	4	1.00
286	5	1.00
286	6	1.00
286	7	1.00
286	8	1.00
286	9	0.75
287	1	1.00
287	2	1.00
287	3	1.00
287	4	1.00
287	5	1.00
287	6	1.00
287	7	1.00
287	8	1.00
287	9	1.00
287	10	0.06
288	1	1.00
288	2	1.00
288	3	1.00
288	4	1.00
288	5	1.00
288	6	1.00
288	7	1.00
288	8	1.00
288	9	1.00
288	10	0.13
289	1	1.00
289	2	1.00
289	3	1.00
289	4	0.68
290	1	1.00
290	2	1.00
290	3	1.00
290	4	0.41
291	1	1.00
291	2	1.00
291	3	1.00
291	4	1.00
291	5	0.15
292	1	1.00
292	2	1.00
292	3	1.00
292	4	1.00
292	5	1.00
292	6	1.00
292	7	1.00
292	8	1.00
292	9	0.35
293	1	1.00
293	2	1.00
293	3	1.00
293	4	1.00
293	5	1.00
293	6	1.00
293	7	1.00
293	8	1.00
293	9	0.90
294	1	1.00
294	2	1.00
294	3	1.00
294	4	1.00
294	5	0.60
295	1	1.00
295	2	1.00
295	3	1.00
295	4	1.00
295	5	1.00
295	6	1.00
295	7	0.55
296	1	1.00
296	2	1.00
296	3	0.03
297	1	1.00
297	2	1.00
297	3	1.00
297	4	0.14
298	1	1.00
298	2	1.00
298	3	1.00
298	4	0.24
299	1	1.00
299	2	1.00
299	3	1.00
299	4	1.00
299	5	1.00
299	6	1.00
299	7	0.96
300	1	1.00
300	2	0.44
301	1	1.00
301	2	1.00
301	3	1.00
301	4	0.57
302	1	1.00
302	2	1.00
302	3	0.92
303	1	1.00
303	2	1.00
303	3	0.45
304	1	1.00
304	2	1.00
304	3	1.00
304	4	0.05
305	1	1.00
305	2	1.00
305	3	1.00
305	4	1.00
305	5	1.00
305	6	1.00
305	7	1.00
305	8	1.00
305	9	1.00
305	10	1.00
305	11	0.12
306	1	1.00
306	2	1.00
306	3	1.00
306	4	1.00
306	5	1.00
306	6	1.00
306	7	0.99
307	1	1.00
307	2	1.00
307	3	1.00
307	4	1.00
307	5	1.00
307	6	1.00
307	7	0.97
308	1	1.00
308	2	1.00
308	3	1.00
308	4	0.31
309	1	1.00
309	2	1.00
309	3	1.00
309	4	0.55
310	1	1.00
310	2	0.07
311	1	1.00
311	2	1.00
311	3	1.00
311	4	1.00
311	5	1.00
311	6	0.42
312	1	1.00
312	2	0.61
313	1	1.00
313	2	1.00
313	3	1.00
313	4	1.00
313	5	1.00
313	6	1.00
313	7	0.53
314	1	1.00
314	2	1.00
314	3	1.00
314	4	1.00
314	5	0.82
315	1	1.00
315	2	1.00
315	3	1.00
315	4	1.00
315	5	1.00
315	6	1.00
315	7	1.00
315	8	1.00
315	9	0.73
316	1	1.00
316	2	1.00
316	3	1.00
316	4	1.00
316	5	1.00
316	6	1.00
316	7	1.00
316	8	0.19
317	1	1.00
317	2	1.00
317	3	1.00
317	4	1.00
317	5	1.00
317	6	1.00
317	7	1.00
317	8	0.71
318	1	1.00
318	2	1.00
318	3	1.00
318	4	1.00
318	5	1.00
318	6	1.00
318	7	1.00
318	8	1.00
318	9	0.90
319	1	1.00
319	2	1.00
319	3	1.00
319	4	1.00
319	5	0.67
320	1	1.00
320	2	1.00
320	3	1.00
320	4	0.97
321	1	1.00
321	2	1.00
321	3	1.00
321	4	1.00
321	5	1.00
321	6	0.34
322	1	1.00
322	2	1.00
322	3	1.00
322	4	1.00
322	5	1.00
322	6	1.00
322	7	1.00
322	8	1.00
322	9	0.87
323	1	1.00
323	2	1.00
323	3	1.00
323	4	0.38
324	1	1.00
324	2	1.00
324	3	1.00
324	4	1.00
324	5	0.13
325	1	1.00
325	2	1.00
325	3	0.43
326	1	1.00
326	2	1.00
326	3	0.50
327	1	1.00
327	2	1.00
327	3	1.00
327	4	0.37
328	1	1.00
328	2	1.00
328	3	1.00
328	4	1.00
328	5	1.00
328	6	0.75
329	1	1.00
329	2	1.00
329	3	1.00
329	4	0.61
330	1	1.00
330	2	1.00
330	3	1.00
330	4	1.00
330	5	1.00
330	6	1.00
330	7	1.00
330	8	1.00
330	9	1.00
330	10	0.31
331	1	1.00
331	2	1.00
331	3	1.00
331	4	1.00
331	5	1.00
331	6	1.00
331	7	0.59
332	1	1.00
332	2	1.00
332	3	1.00
332	4	0.61
333	1	1.00
333	2	1.00
333	3	1.00
333	4	1.00
333	5	0.36
334	1	1.00
334	2	1.00
334	3	1.00
334	4	1.00
334	5	0.61
335	1	1.00
335	2	1.00
335	3	1.00
335	4	0.82
336	1	1.00
336	2	1.00
336	3	1.00
336	4	1.00
336	5	1.00
336	6	1.00
336	7	1.00
336	8	1.00
336	9	0.83
337	1	1.00
337	2	1.00
337	3	1.00
337	4	1.00
337	5	1.00
337	6	1.00
337	7	0.62
338	1	1.00
338	2	1.00
338	3	0.23
339	1	1.00
339	2	1.00
339	3	1.00
339	4	1.00
339	5	1.00
339	6	0.58
340	1	1.00
340	2	1.00
340	3	1.00
340	4	0.42
341	1	1.00
341	2	0.48
342	1	1.00
342	2	1.00
342	3	1.00
342	4	0.75
343	1	1.00
343	2	1.00
343	3	1.00
343	4	0.25
344	1	1.00
344	2	1.00
344	3	1.00
344	4	1.00
344	5	1.00
344	6	1.00
344	7	1.00
344	8	0.23
345	1	1.00
345	2	1.00
345	3	0.93
346	1	1.00
346	2	1.00
346	3	1.00
346	4	0.75
347	1	1.00
347	2	1.00
347	3	1.00
347	4	1.00
347	5	1.00
347	6	1.00
347	7	1.00
347	8	1.00
347	9	1.00
347	10	1.00
347	11	0.31
348	1	1.00
348	2	1.00
348	3	1.00
348	4	1.00
348	5	1.00
348	6	0.52
349	1	1.00
349	2	0.19
350	1	1.00
350	2	1.00
350	3	0.58
351	1	1.00
351	2	1.00
351	3	1.00
351	4	1.00
351	5	1.00
351	6	1.00
351	7	1.00
351	8	1.00
351	9	1.00
351	10	0.73
352	1	1.00
352	2	1.00
352	3	0.88
353	1	1.00
353	2	1.00
353	3	1.00
353	4	0.73
354	1	1.00
354	2	1.00
354	3	1.00
354	4	0.88
355	1	1.00
355	2	1.00
355	3	0.33
356	1	1.00
356	2	1.00
356	3	1.00
356	4	1.00
356	5	0.19
357	1	1.00
357	2	0.17
358	1	1.00
358	2	1.00
358	3	1.00
358	4	1.00
358	5	1.00
358	6	1.00
358	7	0.18
359	1	1.00
359	2	1.00
359	3	1.00
359	4	1.00
359	5	1.00
359	6	1.00
359	7	1.00
359	8	1.00
359	9	0.29
360	1	1.00
360	2	1.00
360	3	0.71
361	1	1.00
361	2	1.00
361	3	1.00
361	4	0.14
362	1	1.00
362	2	1.00
362	3	0.71
363	1	1.00
363	2	0.03
364	1	1.00
364	2	1.00
364	3	1.00
364	4	1.00
364	5	1.00
364	6	0.32
365	1	1.00
365	2	1.00
365	3	1.00
365	4	1.00
365	5	1.00
365	6	0.59
366	1	1.00
366	2	1.00
366	3	1.00
366	4	0.30
367	1	1.00
367	2	1.00
367	3	1.00
367	4	1.00
367	5	1.00
367	6	1.00
367	7	1.00
367	8	1.00
367	9	1.00
367	10	1.00
367	11	0.38
368	1	1.00
368	2	1.00
368	3	1.00
368	4	1.00
368	5	1.00
368	6	1.00
368	7	1.00
368	8	0.17
369	1	1.00
369	2	1.00
369	3	1.00
369	4	1.00
369	5	1.00
369	6	0.16
370	1	1.00
370	2	0.40
371	1	1.00
371	2	1.00
371	3	1.00
371	4	1.00
371	5	1.00
371	6	0.36
372	1	1.00
372	2	1.00
372	3	1.00
372	4	0.22
373	1	1.00
373	2	0.04
374	1	1.00
374	2	1.00
374	3	1.00
374	4	0.91
375	1	1.00
375	2	1.00
375	3	0.53
376	1	1.00
376	2	1.00
376	3	1.00
376	4	1.00
376	5	1.00
376	6	1.00
376	7	1.00
376	8	1.00
376	9	1.00
376	10	1.00
376	11	0.89
377	1	1.00
377	2	0.75
378	1	1.00
378	2	1.00
378	3	1.00
378	4	0.14
379	1	1.00
379	2	0.67
380	1	1.00
380	2	1.00
380	3	1.00
380	4	1.00
380	5	1.00
380	6	1.00
380	7	1.00
380	8	1.00
380	9	1.00
380	10	1.00
380	11	0.39
381	1	1.00
381	2	1.00
381	3	1.00
381	4	1.00
381	5	1.00
381	6	1.00
381	7	1.00
381	8	0.98
382	1	1.00
382	2	1.00
382	3	1.00
382	4	0.48
383	1	1.00
383	2	1.00
383	3	1.00
383	4	0.81
384	1	1.00
384	2	1.00
384	3	1.00
384	4	0.98
385	1	1.00
385	2	1.00
385	3	1.00
385	4	1.00
385	5	1.00
385	6	1.00
385	7	1.00
385	8	1.00
385	9	0.69
386	1	1.00
386	2	1.00
386	3	1.00
386	4	0.48
387	1	1.00
387	2	1.00
387	3	1.00
387	4	1.00
387	5	1.00
387	6	1.00
387	7	1.00
387	8	1.00
387	9	1.00
387	10	0.82
388	1	1.00
388	2	1.00
388	3	0.37
389	1	1.00
389	2	0.33
390	1	1.00
390	2	0.22
391	1	1.00
391	2	1.00
391	3	0.34
392	1	1.00
392	2	1.00
392	3	1.00
392	4	1.00
392	5	0.18
393	1	1.00
393	2	1.00
393	3	1.00
393	4	1.00
393	5	1.00
393	6	1.00
393	7	1.00
393	8	1.00
393	9	1.00
393	10	1.00
393	11	0.72
394	1	1.00
394	2	1.00
394	3	1.00
394	4	1.00
394	5	1.00
394	6	1.00
394	7	1.00
394	8	1.00
394	9	0.60
395	1	1.00
395	2	1.00
395	3	0.56
396	1	1.00
396	2	1.00
396	3	1.00
396	4	1.00
396	5	1.00
396	6	1.00
396	7	1.00
396	8	1.00
396	9	1.00
396	10	0.56
397	1	1.00
397	2	1.00
397	3	1.00
397	4	1.00
397	5	0.24
398	1	1.00
398	2	0.25
399	1	1.00
399	2	1.00
399	3	0.92
400	1	1.00
400	2	1.00
400	3	1.00
400	4	1.00
400	5	0.59
401	1	1.00
401	2	1.00
401	3	0.63
402	1	1.00
402	2	1.00
402	3	0.27
403	1	1.00
403	2	1.00
403	3	1.00
403	4	1.00
403	5	1.00
403	6	1.00
403	7	1.00
403	8	1.00
403	9	0.90
404	1	1.00
404	2	1.00
404	3	1.00
404	4	1.00
404	5	1.00
404	6	1.00
404	7	1.00
404	8	1.00
404	9	1.00
404	10	1.00
404	11	0.07
405	1	1.00
405	2	1.00
405	3	0.87
406	1	1.00
406	2	1.00
406	3	0.78
407	1	1.00
407	2	1.00
407	3	0.92
408	1	1.00
408	2	1.00
408	3	1.00
408	4	1.00
408	5	1.00
408	6	0.27
409	1	1.00
409	2	1.00
409	3	1.00
409	4	1.00
409	5	0.79
410	1	1.00
410	2	1.00
410	3	0.60
411	1	1.00
411	2	1.00
411	3	1.00
411	4	0.28
412	1	1.00
412	2	1.00
412	3	1.00
412	4	0.24
413	1	1.00
413	2	1.00
413	3	0.13
414	1	1.00
414	2	1.00
414	3	1.00
414	4	1.00
414	5	1.00
414	6	1.00
414	7	1.00
414	8	1.00
414	9	1.00
414	10	0.33
415	1	1.00
415	2	1.00
415	3	1.00
415	4	1.00
415	5	0.63
416	1	1.00
416	2	1.00
416	3	1.00
416	4	1.00
416	5	1.00
416	6	1.00
416	7	0.12
417	1	1.00
417	2	1.00
417	3	1.00
417	4	0.99
418	1	1.00
418	2	1.00
418	3	1.00
418	4	1.00
418	5	1.00
418	6	1.00
418	7	1.00
418	8	0.50
419	1	1.00
419	2	1.00
419	3	1.00
419	4	1.00
419	5	1.00
419	6	0.86
420	1	1.00
420	2	1.00
420	3	1.00
420	4	1.00
420	5	1.00
420	6	1.00
420	7	1.00
420	8	1.00
420	9	1.00
420	10	0.73
421	1	1.00
421	2	1.00
421	3	0.09
422	1	1.00
422	2	1.00
422	3	1.00
422	4	1.00
422	5	1.00
422	6	0.27
423	1	1.00
423	2	1.00
423	3	1.00
423	4	1.00
423	5	1.00
423	6	1.00
423	7	0.56
424	1	1.00
424	2	1.00
424	3	0.64
425	1	1.00
425	2	1.00
425	3	1.00
425	4	1.00
425	5	1.00
425	6	1.00
425	7	1.00
425	8	1.00
425	9	1.00
425	10	1.00
425	11	0.17
426	1	1.00
426	2	1.00
426	3	1.00
426	4	0.82
427	1	1.00
427	2	1.00
427	3	1.00
427	4	0.19
428	1	1.00
428	2	1.00
428	3	1.00
428	4	1.00
428	5	1.00
428	6	1.00
428	7	1.00
428	8	1.00
428	9	0.89
429	1	1.00
429	2	1.00
429	3	1.00
429	4	1.00
429	5	1.00
429	6	1.00
429	7	1.00
429	8	1.00
429	9	1.00
429	10	1.00
429	11	0.25
430	1	1.00
430	2	1.00
430	3	0.22
431	1	1.00
431	2	1.00
431	3	1.00
431	4	1.00
431	5	1.00
431	6	1.00
431	7	1.00
431	8	1.00
431	9	1.00
431	10	1.00
431	11	0.34
432	1	1.00
432	2	1.00
432	3	1.00
432	4	1.00
432	5	1.00
432	6	1.00
432	7	1.00
432	8	1.00
432	9	0.69
433	1	1.00
433	2	0.62
434	1	1.00
434	2	1.00
434	3	1.00
434	4	0.37
435	1	1.00
435	2	1.00
435	3	0.29
436	1	1.00
436	2	1.00
436	3	1.00
436	4	0.89
437	1	1.00
437	2	0.40
438	1	1.00
438	2	0.40
439	1	1.00
439	2	1.00
439	3	1.00
439	4	0.09
440	1	1.00
440	2	1.00
440	3	1.00
440	4	1.00
440	5	1.00
440	6	1.00
440	7	1.00
440	8	0.86
441	1	1.00
441	2	1.00
441	3	1.00
441	4	1.00
441	5	1.00
441	6	1.00
441	7	1.00
441	8	1.00
441	9	1.00
441	10	1.00
441	11	0.93
442	1	1.00
442	2	1.00
442	3	1.00
442	4	0.67
443	1	1.00
443	2	1.00
443	3	1.00
443	4	1.00
443	5	1.00
443	6	1.00
443	7	1.00
443	8	0.99
444	1	1.00
444	2	1.00
444	3	1.00
444	4	1.00
444	5	1.00
444	6	1.00
444	7	1.00
444	8	0.32
445	1	1.00
445	2	1.00
445	3	1.00
445	4	0.10
446	1	1.00
446	2	1.00
446	3	1.00
446	4	1.00
446	5	0.08
447	1	1.00
447	2	1.00
447	3	0.13
448	1	1.00
448	2	1.00
448	3	1.00
448	4	1.00
448	5	1.00
448	6	1.00
448	7	1.00
448	8	0.70
449	1	1.00
449	2	0.25
450	1	1.00
450	2	1.00
450	3	1.00
450	4	1.00
450	5	0.75
451	1	1.00
451	2	1.00
451	3	1.00
451	4	1.00
451	5	1.00
451	6	1.00
451	7	0.45
452	1	1.00
452	2	1.00
452	3	1.00
452	4	1.00
452	5	0.33
453	1	1.00
453	2	1.00
453	3	1.00
453	4	1.00
453	5	1.00
453	6	1.00
453	7	1.00
453	8	1.00
453	9	0.17
454	1	1.00
454	2	1.00
454	3	0.55
455	1	1.00
455	2	0.47
456	1	1.00
456	2	1.00
456	3	1.00
456	4	1.00
456	5	0.13
457	1	1.00
457	2	1.00
457	3	1.00
457	4	1.00
457	5	1.00
457	6	1.00
457	7	1.00
457	8	0.42
458	1	1.00
458	2	1.00
458	3	1.00
458	4	0.16
459	1	1.00
459	2	0.95
460	1	1.00
460	2	1.00
460	3	0.54
461	1	1.00
461	2	1.00
461	3	1.00
461	4	1.00
461	5	1.00
461	6	1.00
461	7	1.00
461	8	1.00
461	9	1.00
461	10	0.62
462	1	1.00
462	2	1.00
462	3	1.00
462	4	1.00
462	5	1.00
462	6	1.00
462	7	1.00
462	8	1.00
462	9	1.00
462	10	0.65
463	1	1.00
463	2	1.00
463	3	1.00
463	4	1.00
463	5	0.28
464	1	1.00
464	2	1.00
464	3	1.00
464	4	1.00
464	5	1.00
464	6	1.00
464	7	1.00
464	8	1.00
464	9	1.00
464	10	1.00
464	11	0.44
465	1	1.00
465	2	1.00
465	3	1.00
465	4	1.00
465	5	1.00
465	6	1.00
465	7	0.35
466	1	1.00
466	2	1.00
466	3	1.00
466	4	1.00
466	5	1.00
466	6	1.00
466	7	1.00
466	8	1.00
466	9	1.00
466	10	1.00
466	11	0.50
467	1	1.00
467	2	1.00
467	3	1.00
467	4	1.00
467	5	1.00
467	6	1.00
467	7	1.00
467	8	1.00
467	9	0.15
468	1	1.00
468	2	1.00
468	3	1.00
468	4	1.00
468	5	1.00
468	6	1.00
468	7	1.00
468	8	1.00
468	9	0.93
469	1	1.00
469	2	1.00
469	3	1.00
469	4	1.00
469	5	1.00
469	6	0.23
470	1	1.00
470	2	1.00
470	3	1.00
470	4	0.74
471	1	1.00
471	2	1.00
471	3	1.00
471	4	1.00
471	5	1.00
471	6	0.10
472	1	1.00
472	2	1.00
472	3	1.00
472	4	1.00
472	5	1.00
472	6	1.00
472	7	1.00
472	8	0.43
473	1	1.00
473	2	1.00
473	3	1.00
473	4	0.08
474	1	1.00
474	2	1.00
474	3	1.00
474	4	1.00
474	5	0.74
475	1	1.00
475	2	1.00
475	3	1.00
475	4	1.00
475	5	1.00
475	6	1.00
475	7	1.00
475	8	1.00
475	9	0.98
476	1	1.00
476	2	1.00
476	3	0.91
477	1	1.00
477	2	1.00
477	3	1.00
477	4	1.00
477	5	1.00
477	6	1.00
477	7	1.00
477	8	1.00
477	9	0.34
478	1	1.00
478	2	1.00
478	3	0.65
479	1	1.00
479	2	1.00
479	3	1.00
479	4	1.00
479	5	1.00
479	6	1.00
479	7	0.51
480	1	1.00
480	2	0.65
481	1	1.00
481	2	1.00
481	3	1.00
481	4	1.00
481	5	1.00
481	6	1.00
481	7	1.00
481	8	1.00
481	9	1.00
481	10	0.83
482	1	1.00
482	2	1.00
482	3	1.00
482	4	1.00
482	5	1.00
482	6	1.00
482	7	1.00
482	8	0.77
483	1	1.00
483	2	0.38
484	1	1.00
484	2	0.29
485	1	1.00
485	2	1.00
485	3	1.00
485	4	1.00
485	5	0.08
486	1	1.00
486	2	1.00
486	3	0.53
487	1	1.00
487	2	1.00
487	3	1.00
487	4	1.00
487	5	1.00
487	6	1.00
487	7	0.43
488	1	1.00
488	2	1.00
488	3	0.36
489	1	1.00
489	2	1.00
489	3	1.00
489	4	1.00
489	5	1.00
489	6	1.00
489	7	0.53
490	1	1.00
490	2	1.00
490	3	1.00
490	4	0.91
491	1	1.00
491	2	1.00
491	3	0.38
492	1	1.00
492	2	1.00
492	3	1.00
492	4	0.86
493	1	1.00
493	2	1.00
493	3	1.00
493	4	1.00
493	5	1.00
493	6	1.00
493	7	0.11
494	1	1.00
494	2	1.00
494	3	1.00
494	4	0.90
495	1	1.00
495	2	1.00
495	3	1.00
495	4	1.00
495	5	1.00
495	6	1.00
495	7	1.00
495	8	0.01
496	1	1.00
496	2	1.00
496	3	0.51
497	1	1.00
497	2	1.00
497	3	1.00
497	4	0.56
498	1	1.00
498	2	1.00
498	3	1.00
498	4	0.26
499	1	1.00
499	2	1.00
499	3	1.00
499	4	0.32
500	1	1.00
500	2	1.00
500	3	1.00
500	4	1.00
500	5	1.00
500	6	1.00
500	7	1.00
500	8	0.11
501	1	1.00
501	2	1.00
501	3	1.00
501	4	0.45
502	1	1.00
502	2	1.00
502	3	1.00
502	4	0.87
503	1	1.00
503	2	1.00
503	3	1.00
503	4	1.00
503	5	0.65
504	1	1.00
504	2	1.00
504	3	0.81
505	1	1.00
505	2	0.97
506	1	1.00
506	2	1.00
506	3	1.00
506	4	1.00
506	5	1.00
506	6	1.00
506	7	1.00
506	8	0.81
507	1	1.00
507	2	1.00
507	3	1.00
507	4	1.00
507	5	1.00
507	6	1.00
507	7	1.00
507	8	0.96
508	1	1.00
508	2	1.00
508	3	1.00
508	4	1.00
508	5	0.84
509	1	1.00
509	2	1.00
509	3	1.00
509	4	1.00
509	5	1.00
509	6	0.23
510	1	1.00
510	2	1.00
510	3	1.00
510	4	1.00
510	5	1.00
510	6	1.00
510	7	1.00
510	8	0.04
511	1	1.00
511	2	1.00
511	3	0.05
512	1	1.00
512	2	1.00
512	3	1.00
512	4	1.00
512	5	0.00
513	1	1.00
513	2	1.00
513	3	1.00
513	4	0.61
514	1	1.00
514	2	0.13
515	1	1.00
515	2	1.00
515	3	1.00
515	4	1.00
515	5	0.65
516	1	1.00
516	2	1.00
516	3	1.00
516	4	0.52
517	1	1.00
517	2	1.00
517	3	0.33
518	1	1.00
518	2	1.00
518	3	1.00
518	4	1.00
518	5	1.00
518	6	1.00
518	7	1.00
518	8	1.00
518	9	0.98
519	1	1.00
519	2	1.00
519	3	1.00
519	4	1.00
519	5	1.00
519	6	1.00
519	7	0.06
520	1	1.00
520	2	1.00
520	3	1.00
520	4	1.00
520	5	1.00
520	6	1.00
520	7	1.00
520	8	1.00
520	9	0.96
521	1	1.00
521	2	1.00
521	3	0.34
522	1	1.00
522	2	1.00
522	3	1.00
522	4	0.24
523	1	1.00
523	2	1.00
523	3	1.00
523	4	1.00
523	5	1.00
523	6	1.00
523	7	1.00
523	8	1.00
523	9	0.07
524	1	1.00
524	2	1.00
524	3	1.00
524	4	1.00
524	5	0.78
525	1	1.00
525	2	1.00
525	3	0.83
526	1	1.00
526	2	1.00
526	3	0.81
527	1	1.00
527	2	1.00
527	3	1.00
527	4	1.00
527	5	1.00
527	6	1.00
527	7	1.00
527	8	0.36
528	1	1.00
528	2	0.50
529	1	1.00
529	2	0.64
530	1	1.00
530	2	1.00
530	3	0.31
531	1	1.00
531	2	1.00
531	3	1.00
531	4	0.19
532	1	1.00
532	2	1.00
532	3	1.00
532	4	1.00
532	5	0.11
533	1	1.00
533	2	0.77
534	1	1.00
534	2	1.00
534	3	1.00
534	4	1.00
534	5	1.00
534	6	1.00
534	7	1.00
534	8	0.20
535	1	1.00
535	2	1.00
535	3	1.00
535	4	0.79
536	1	1.00
536	2	1.00
536	3	0.64
537	1	1.00
537	2	1.00
537	3	1.00
537	4	0.96
538	1	1.00
538	2	1.00
538	3	0.38
539	1	1.00
539	2	1.00
539	3	1.00
539	4	1.00
539	5	0.49
540	1	1.00
540	2	1.00
540	3	0.29
541	1	1.00
541	2	1.00
541	3	1.00
541	4	0.49
542	1	1.00
542	2	1.00
542	3	1.00
542	4	1.00
542	5	0.09
543	1	1.00
543	2	1.00
543	3	1.00
543	4	1.00
543	5	1.00
543	6	1.00
543	7	1.00
543	8	1.00
543	9	0.73
544	1	1.00
544	2	0.72
545	1	1.00
545	2	1.00
545	3	1.00
545	4	1.00
545	5	1.00
545	6	1.00
545	7	0.62
546	1	1.00
546	2	1.00
546	3	1.00
546	4	1.00
546	5	1.00
546	6	1.00
546	7	1.00
546	8	1.00
546	9	1.00
546	10	0.28
547	1	1.00
547	2	0.48
548	1	1.00
548	2	1.00
548	3	1.00
548	4	0.90
549	1	1.00
549	2	1.00
549	3	1.00
549	4	1.00
549	5	1.00
549	6	0.40
550	1	1.00
550	2	1.00
550	3	0.07
551	1	1.00
551	2	1.00
551	3	1.00
551	4	1.00
551	5	1.00
551	6	1.00
551	7	0.14
552	1	1.00
552	2	0.76
553	1	1.00
553	2	1.00
553	3	1.00
553	4	1.00
553	5	0.18
554	1	1.00
554	2	1.00
554	3	0.25
555	1	1.00
555	2	1.00
555	3	1.00
555	4	1.00
555	5	1.00
555	6	1.00
555	7	1.00
555	8	0.44
556	1	1.00
556	2	1.00
556	3	1.00
556	4	0.15
557	1	1.00
557	2	0.12
558	1	1.00
558	2	1.00
558	3	1.00
558	4	1.00
558	5	1.00
558	6	1.00
558	7	1.00
558	8	1.00
558	9	0.77
559	1	1.00
559	2	1.00
559	3	0.64
560	1	1.00
560	2	1.00
560	3	1.00
560	4	1.00
560	5	0.83
561	1	1.00
561	2	1.00
561	3	0.94
562	1	1.00
562	2	1.00
562	3	0.64
563	1	1.00
563	2	1.00
563	3	1.00
563	4	1.00
563	5	1.00
563	6	1.00
563	7	1.00
563	8	1.00
563	9	1.00
563	10	1.00
563	11	0.52
564	1	1.00
564	2	1.00
564	3	1.00
564	4	1.00
564	5	1.00
564	6	1.00
564	7	1.00
564	8	1.00
564	9	0.76
565	1	1.00
565	2	1.00
565	3	1.00
565	4	0.63
566	1	1.00
566	2	1.00
566	3	0.75
567	1	1.00
567	2	1.00
567	3	0.29
568	1	1.00
568	2	1.00
568	3	1.00
568	4	1.00
568	5	1.00
568	6	1.00
568	7	1.00
568	8	1.00
568	9	1.00
568	10	0.02
569	1	1.00
569	2	1.00
569	3	1.00
569	4	1.00
569	5	1.00
569	6	1.00
569	7	0.83
570	1	1.00
570	2	0.41
571	1	1.00
571	2	0.66
572	1	1.00
572	2	1.00
572	3	1.00
572	4	1.00
572	5	1.00
572	6	1.00
572	7	0.08
573	1	1.00
573	2	1.00
573	3	1.00
573	4	1.00
573	5	1.00
573	6	1.00
573	7	1.00
573	8	1.00
573	9	0.70
574	1	1.00
574	2	1.00
574	3	1.00
574	4	0.46
575	1	1.00
575	2	1.00
575	3	1.00
575	4	0.63
576	1	1.00
576	2	1.00
576	3	1.00
576	4	1.00
576	5	1.00
576	6	1.00
576	7	1.00
576	8	0.39
577	1	1.00
577	2	0.40
578	1	1.00
578	2	1.00
578	3	1.00
578	4	1.00
578	5	1.00
578	6	1.00
578	7	1.00
578	8	1.00
578	9	0.77
579	1	1.00
579	2	0.77
580	1	1.00
580	2	1.00
580	3	0.53
581	1	1.00
581	2	1.00
581	3	1.00
581	4	1.00
581	5	1.00
581	6	1.00
581	7	0.88
582	1	1.00
582	2	1.00
582	3	1.00
582	4	1.00
582	5	1.00
582	6	1.00
582	7	1.00
582	8	1.00
582	9	1.00
582	10	1.00
582	11	0.14
583	1	1.00
583	2	1.00
583	3	1.00
583	4	1.00
583	5	1.00
583	6	1.00
583	7	1.00
583	8	1.00
583	9	0.73
584	1	1.00
584	2	1.00
584	3	1.00
584	4	1.00
584	5	1.00
584	6	1.00
584	7	0.85
585	1	1.00
585	2	1.00
585	3	0.14
586	1	1.00
586	2	1.00
586	3	0.58
587	1	1.00
587	2	1.00
587	3	1.00
587	4	0.14
588	1	1.00
588	2	1.00
588	3	1.00
588	4	1.00
588	5	1.00
588	6	1.00
588	7	1.00
588	8	1.00
588	9	0.93
589	1	1.00
589	2	1.00
589	3	0.14
590	1	1.00
590	2	1.00
590	3	1.00
590	4	0.70
591	1	1.00
591	2	1.00
591	3	0.17
592	1	1.00
592	2	1.00
592	3	1.00
592	4	1.00
592	5	1.00
592	6	1.00
592	7	1.00
592	8	1.00
592	9	1.00
592	10	0.65
593	1	1.00
593	2	1.00
593	3	1.00
593	4	0.19
594	1	1.00
594	2	1.00
594	3	0.67
595	1	1.00
595	2	1.00
595	3	1.00
595	4	1.00
595	5	1.00
595	6	1.00
595	7	0.66
596	1	1.00
596	2	1.00
596	3	0.62
597	1	1.00
597	2	1.00
597	3	1.00
597	4	1.00
597	5	1.00
597	6	0.08
598	1	1.00
598	2	1.00
598	3	1.00
598	4	1.00
598	5	1.00
598	6	1.00
598	7	1.00
598	8	0.86
599	1	1.00
599	2	1.00
599	3	1.00
599	4	1.00
599	5	1.00
599	6	1.00
599	7	1.00
599	8	1.00
599	9	0.00
600	1	1.00
600	2	1.00
600	3	0.86
601	1	1.00
601	2	1.00
601	3	1.00
601	4	1.00
601	5	1.00
601	6	1.00
601	7	1.00
601	8	1.00
601	9	0.59
602	1	1.00
602	2	1.00
602	3	1.00
602	4	0.82
603	1	1.00
603	2	1.00
603	3	1.00
603	4	1.00
603	5	1.00
603	6	1.00
603	7	1.00
603	8	1.00
603	9	1.00
603	10	1.00
603	11	0.46
604	1	1.00
604	2	1.00
604	3	1.00
604	4	1.00
604	5	1.00
604	6	1.00
604	7	1.00
604	8	1.00
604	9	0.40
605	1	1.00
605	2	1.00
605	3	1.00
605	4	1.00
605	5	1.00
605	6	0.05
606	1	1.00
606	2	0.73
607	1	1.00
607	2	1.00
607	3	1.00
607	4	1.00
607	5	1.00
607	6	1.00
607	7	1.00
607	8	0.76
608	1	1.00
608	2	1.00
608	3	1.00
608	4	1.00
608	5	0.20
609	1	1.00
609	2	1.00
609	3	1.00
609	4	1.00
609	5	1.00
609	6	1.00
609	7	1.00
609	8	0.73
610	1	1.00
610	2	1.00
610	3	0.27
611	1	1.00
611	2	1.00
611	3	0.47
612	1	1.00
612	2	1.00
612	3	1.00
612	4	0.53
613	1	1.00
613	2	1.00
613	3	1.00
613	4	1.00
613	5	1.00
613	6	1.00
613	7	1.00
613	8	1.00
613	9	1.00
613	10	0.09
614	1	1.00
614	2	1.00
614	3	1.00
614	4	1.00
614	5	1.00
614	6	1.00
614	7	1.00
614	8	1.00
614	9	1.00
614	10	0.73
615	1	1.00
615	2	1.00
615	3	0.62
616	1	1.00
616	2	1.00
616	3	1.00
616	4	1.00
616	5	1.00
616	6	0.31
617	1	1.00
617	2	1.00
617	3	1.00
617	4	0.32
618	1	1.00
618	2	1.00
618	3	1.00
618	4	1.00
618	5	0.22
619	1	1.00
619	2	0.39
620	1	1.00
620	2	1.00
620	3	0.38
621	1	1.00
621	2	1.00
621	3	1.00
621	4	1.00
621	5	1.00
621	6	1.00
621	7	1.00
621	8	1.00
621	9	0.55
622	1	1.00
622	2	1.00
622	3	1.00
622	4	1.00
622	5	1.00
622	6	1.00
622	7	1.00
622	8	1.00
622	9	0.42
623	1	1.00
623	2	1.00
623	3	0.47
624	1	1.00
624	2	1.00
624	3	1.00
624	4	1.00
624	5	1.00
624	6	1.00
624	7	1.00
624	8	0.69
625	1	1.00
625	2	1.00
625	3	1.00
625	4	1.00
625	5	1.00
625	6	0.51
626	1	1.00
626	2	0.91
627	1	1.00
627	2	1.00
627	3	0.79
628	1	1.00
628	2	1.00
628	3	1.00
628	4	1.00
628	5	1.00
628	6	1.00
628	7	1.00
628	8	0.57
629	1	1.00
629	2	1.00
629	3	1.00
629	4	1.00
629	5	0.20
630	1	1.00
630	2	1.00
630	3	1.00
630	4	1.00
630	5	1.00
630	6	0.78
631	1	1.00
631	2	1.00
631	3	1.00
631	4	0.31
632	1	1.00
632	2	1.00
632	3	1.00
632	4	0.69
633	1	1.00
633	2	1.00
633	3	1.00
633	4	0.69
634	1	1.00
634	2	1.00
634	3	1.00
634	4	1.00
634	5	1.00
634	6	1.00
634	7	1.00
634	8	0.31
635	1	1.00
635	2	1.00
635	3	1.00
635	4	1.00
635	5	1.00
635	6	0.65
636	1	1.00
636	2	1.00
636	3	1.00
636	4	0.66
637	1	1.00
637	2	1.00
637	3	1.00
637	4	1.00
637	5	1.00
637	6	1.00
637	7	1.00
637	8	1.00
637	9	1.00
637	10	0.72
638	1	1.00
638	2	1.00
638	3	1.00
638	4	0.36
639	1	1.00
639	2	1.00
639	3	1.00
639	4	1.00
639	5	1.00
639	6	1.00
639	7	0.79
640	1	1.00
640	2	1.00
640	3	1.00
640	4	1.00
640	5	0.33
641	1	1.00
641	2	1.00
641	3	0.58
642	1	1.00
642	2	1.00
642	3	1.00
642	4	1.00
642	5	1.00
642	6	1.00
642	7	1.00
642	8	1.00
642	9	1.00
642	10	0.26
643	1	1.00
643	2	1.00
643	3	1.00
643	4	1.00
643	5	1.00
643	6	1.00
643	7	1.00
643	8	0.40
644	1	1.00
644	2	0.54
645	1	1.00
645	2	1.00
645	3	1.00
645	4	0.91
646	1	1.00
646	2	0.62
647	1	1.00
647	2	1.00
647	3	1.00
647	4	1.00
647	5	1.00
647	6	0.24
648	1	1.00
648	2	1.00
648	3	1.00
648	4	0.69
649	1	1.00
649	2	1.00
649	3	1.00
649	4	1.00
649	5	1.00
649	6	1.00
649	7	1.00
649	8	0.88
650	1	1.00
650	2	1.00
650	3	1.00
650	4	1.00
650	5	1.00
650	6	1.00
650	7	1.00
650	8	0.08
651	1	1.00
651	2	1.00
651	3	1.00
651	4	0.06
652	1	1.00
652	2	1.00
652	3	1.00
652	4	1.00
652	5	0.50
653	1	1.00
653	2	1.00
653	3	0.65
654	1	1.00
654	2	1.00
654	3	1.00
654	4	1.00
654	5	1.00
654	6	0.17
655	1	1.00
655	2	1.00
655	3	1.00
655	4	1.00
655	5	0.79
656	1	1.00
656	2	0.19
657	1	1.00
657	2	1.00
657	3	0.11
658	1	1.00
658	2	1.00
658	3	1.00
658	4	1.00
658	5	1.00
658	6	1.00
658	7	1.00
658	8	1.00
658	9	1.00
658	10	0.21
659	1	1.00
659	2	1.00
659	3	1.00
659	4	0.42
660	1	1.00
660	2	1.00
660	3	1.00
660	4	0.24
661	1	1.00
661	2	1.00
661	3	1.00
661	4	1.00
661	5	1.00
661	6	1.00
661	7	1.00
661	8	1.00
661	9	1.00
661	10	1.00
661	11	0.08
662	1	1.00
662	2	1.00
662	3	1.00
662	4	1.00
662	5	1.00
662	6	1.00
662	7	0.22
663	1	1.00
663	2	1.00
663	3	1.00
663	4	1.00
663	5	1.00
663	6	1.00
663	7	0.15
664	1	1.00
664	2	0.66
665	1	1.00
665	2	1.00
665	3	1.00
665	4	0.72
666	1	1.00
666	2	1.00
666	3	1.00
666	4	0.55
667	1	1.00
667	2	1.00
667	3	0.69
668	1	1.00
668	2	1.00
668	3	0.95
669	1	1.00
669	2	1.00
669	3	1.00
669	4	0.72
670	1	1.00
670	2	1.00
670	3	0.76
671	1	1.00
671	2	1.00
671	3	0.01
672	1	1.00
672	2	1.00
672	3	1.00
672	4	1.00
672	5	1.00
672	6	1.00
672	7	1.00
672	8	1.00
672	9	0.88
673	1	1.00
673	2	1.00
673	3	1.00
673	4	1.00
673	5	1.00
673	6	1.00
673	7	0.12
674	1	1.00
674	2	1.00
674	3	0.24
675	1	1.00
675	2	1.00
675	3	1.00
675	4	1.00
675	5	1.00
675	6	1.00
675	7	1.00
675	8	1.00
675	9	0.24
676	1	1.00
676	2	0.01
677	1	1.00
677	2	1.00
677	3	0.94
678	1	1.00
678	2	0.82
679	1	1.00
679	2	1.00
679	3	1.00
679	4	1.00
679	5	1.00
679	6	0.22
680	1	1.00
680	2	1.00
680	3	1.00
680	4	1.00
680	5	1.00
680	6	1.00
680	7	1.00
680	8	0.48
681	1	1.00
681	2	1.00
681	3	1.00
681	4	0.26
682	1	1.00
682	2	0.23
683	1	1.00
683	2	1.00
683	3	0.10
684	1	1.00
684	2	1.00
684	3	0.02
685	1	1.00
685	2	1.00
685	3	1.00
685	4	1.00
685	5	1.00
685	6	1.00
685	7	1.00
685	8	0.59
686	1	1.00
686	2	1.00
686	3	1.00
686	4	1.00
686	5	1.00
686	6	1.00
686	7	0.41
687	1	1.00
687	2	1.00
687	3	1.00
687	4	0.71
688	1	1.00
688	2	1.00
688	3	1.00
688	4	1.00
688	5	0.26
689	1	1.00
689	2	1.00
689	3	1.00
689	4	0.67
690	1	1.00
690	2	1.00
690	3	1.00
690	4	1.00
690	5	0.00
691	1	1.00
691	2	1.00
691	3	1.00
691	4	0.21
692	1	1.00
692	2	0.13
693	1	1.00
693	2	1.00
693	3	0.97
694	1	1.00
694	2	1.00
694	3	1.00
694	4	1.00
694	5	1.00
694	6	1.00
694	7	1.00
694	8	0.47
695	1	1.00
695	2	1.00
695	3	1.00
695	4	1.00
695	5	1.00
695	6	1.00
695	7	0.45
696	1	1.00
696	2	1.00
696	3	1.00
696	4	0.39
697	1	1.00
697	2	1.00
697	3	1.00
697	4	1.00
697	5	1.00
697	6	0.10
698	1	1.00
698	2	1.00
698	3	1.00
698	4	0.76
699	1	1.00
699	2	0.11
700	1	1.00
700	2	1.00
700	3	1.00
700	4	0.13
701	1	1.00
701	2	1.00
701	3	0.19
702	1	1.00
702	2	1.00
702	3	1.00
702	4	1.00
702	5	1.00
702	6	1.00
702	7	0.74
703	1	1.00
703	2	1.00
703	3	1.00
703	4	0.49
704	1	1.00
704	2	0.48
705	1	1.00
705	2	1.00
705	3	1.00
705	4	0.59
706	1	1.00
706	2	1.00
706	3	1.00
706	4	1.00
706	5	1.00
706	6	1.00
706	7	1.00
706	8	1.00
706	9	0.83
707	1	1.00
707	2	0.70
708	1	1.00
708	2	1.00
708	3	1.00
708	4	1.00
708	5	0.00
709	1	1.00
709	2	1.00
709	3	1.00
709	4	1.00
709	5	1.00
709	6	1.00
709	7	1.00
709	8	1.00
709	9	0.89
710	1	1.00
710	2	1.00
710	3	1.00
710	4	1.00
710	5	1.00
710	6	1.00
710	7	1.00
710	8	1.00
710	9	1.00
710	10	0.72
711	1	1.00
711	2	1.00
711	3	1.00
711	4	1.00
711	5	1.00
711	6	1.00
711	7	1.00
711	8	1.00
711	9	1.00
711	10	1.00
711	11	1.00
712	1	1.00
712	2	0.35
713	1	1.00
713	2	1.00
713	3	1.00
713	4	0.80
714	1	1.00
714	2	1.00
714	3	1.00
714	4	1.00
714	5	0.67
715	1	1.00
715	2	1.00
715	3	1.00
715	4	1.00
715	5	0.21
716	1	1.00
716	2	1.00
716	3	1.00
716	4	1.00
716	5	0.79
717	1	1.00
717	2	1.00
717	3	1.00
717	4	1.00
717	5	1.00
717	6	0.93
718	1	1.00
718	2	1.00
718	3	1.00
718	4	1.00
718	5	1.00
718	6	1.00
718	7	0.67
719	1	1.00
719	2	1.00
719	3	1.00
719	4	0.07
720	1	1.00
720	2	1.00
720	3	1.00
720	4	0.80
721	1	1.00
721	2	1.00
721	3	1.00
721	4	1.00
721	5	0.13
722	1	1.00
722	2	1.00
722	3	1.00
722	4	1.00
722	5	1.00
722	6	1.00
722	7	0.88
723	1	1.00
723	2	1.00
723	3	1.00
723	4	0.27
724	1	1.00
724	2	1.00
724	3	1.00
724	4	0.23
725	1	1.00
725	2	1.00
725	3	1.00
725	4	1.00
725	5	1.00
725	6	1.00
725	7	0.72
726	1	1.00
726	2	1.00
726	3	1.00
726	4	1.00
726	5	1.00
726	6	1.00
726	7	1.00
726	8	0.50
727	1	1.00
727	2	1.00
727	3	0.60
728	1	1.00
728	2	1.00
728	3	1.00
728	4	1.00
728	5	0.36
729	1	1.00
729	2	1.00
729	3	0.31
730	1	1.00
730	2	1.00
730	3	1.00
730	4	0.01
731	1	1.00
731	2	0.57
732	1	1.00
732	2	1.00
732	3	1.00
732	4	1.00
732	5	1.00
732	6	1.00
732	7	1.00
732	8	1.00
732	9	0.85
733	1	1.00
733	2	1.00
733	3	0.08
734	1	1.00
734	2	0.50
735	1	1.00
735	2	1.00
735	3	1.00
735	4	1.00
735	5	1.00
735	6	1.00
735	7	1.00
735	8	1.00
735	9	1.00
735	10	1.00
735	11	0.20
736	1	1.00
736	2	1.00
736	3	1.00
736	4	1.00
736	5	0.05
737	1	1.00
737	2	1.00
737	3	1.00
737	4	0.23
738	1	1.00
738	2	1.00
738	3	1.00
738	4	0.61
739	1	1.00
739	2	1.00
739	3	1.00
739	4	1.00
739	5	1.00
739	6	1.00
739	7	1.00
739	8	1.00
739	9	1.00
739	10	0.96
740	1	1.00
740	2	1.00
740	3	0.26
741	1	1.00
741	2	1.00
741	3	1.00
741	4	0.71
742	1	1.00
742	2	1.00
742	3	0.16
743	1	1.00
743	2	1.00
743	3	1.00
743	4	1.00
743	5	1.00
743	6	1.00
743	7	1.00
743	8	0.55
744	1	1.00
744	2	1.00
744	3	1.00
744	4	0.74
745	1	1.00
745	2	1.00
745	3	0.93
746	1	1.00
746	2	1.00
746	3	0.08
747	1	1.00
747	2	1.00
747	3	1.00
747	4	0.85
748	1	1.00
748	2	1.00
748	3	1.00
748	4	1.00
748	5	0.52
749	1	1.00
749	2	1.00
749	3	1.00
749	4	1.00
749	5	1.00
749	6	1.00
749	7	0.03
750	1	1.00
750	2	1.00
750	3	1.00
750	4	0.08
751	1	1.00
751	2	1.00
751	3	1.00
751	4	1.00
751	5	1.00
751	6	1.00
751	7	1.00
751	8	0.65
752	1	1.00
752	2	1.00
752	3	0.05
753	1	1.00
753	2	1.00
753	3	1.00
753	4	1.00
753	5	1.00
753	6	1.00
753	7	1.00
753	8	0.55
754	1	1.00
754	2	1.00
754	3	0.87
755	1	1.00
755	2	1.00
755	3	0.15
756	1	1.00
756	2	1.00
756	3	1.00
756	4	1.00
756	5	1.00
756	6	1.00
756	7	1.00
756	8	1.00
756	9	0.55
757	1	1.00
757	2	1.00
757	3	1.00
757	4	1.00
757	5	0.79
758	1	1.00
758	2	1.00
758	3	0.65
759	1	1.00
759	2	1.00
759	3	1.00
759	4	0.25
760	1	1.00
760	2	1.00
760	3	1.00
760	4	1.00
760	5	0.31
761	1	1.00
761	2	1.00
761	3	1.00
761	4	0.45
762	1	1.00
762	2	1.00
762	3	1.00
762	4	0.74
763	1	1.00
763	2	0.13
764	1	1.00
764	2	1.00
764	3	1.00
764	4	1.00
764	5	1.00
764	6	1.00
764	7	1.00
764	8	0.26
765	1	1.00
765	2	1.00
765	3	0.30
766	1	1.00
766	2	1.00
766	3	1.00
766	4	1.00
766	5	1.00
766	6	0.40
767	1	1.00
767	2	1.00
767	3	1.00
767	4	1.00
767	5	0.59
768	1	1.00
768	2	1.00
768	3	0.42
769	1	1.00
769	2	1.00
769	3	1.00
769	4	0.88
770	1	1.00
770	2	1.00
770	3	0.28
771	1	1.00
771	2	1.00
771	3	1.00
771	4	1.00
771	5	1.00
771	6	1.00
771	7	1.00
771	8	0.68
772	1	1.00
772	2	1.00
772	3	1.00
772	4	0.35
773	1	1.00
773	2	1.00
773	3	1.00
773	4	1.00
773	5	1.00
773	6	0.20
774	1	1.00
774	2	1.00
774	3	1.00
774	4	0.63
775	1	1.00
775	2	1.00
775	3	1.00
775	4	1.00
775	5	1.00
775	6	1.00
775	7	1.00
775	8	1.00
775	9	0.92
776	1	1.00
776	2	1.00
776	3	1.00
776	4	1.00
776	5	1.00
776	6	0.49
777	1	1.00
777	2	1.00
777	3	1.00
777	4	1.00
777	5	1.00
777	6	0.22
778	1	1.00
778	2	1.00
778	3	1.00
778	4	1.00
778	5	0.39
779	1	1.00
779	2	1.00
779	3	1.00
779	4	0.46
780	1	1.00
780	2	0.95
781	1	1.00
781	2	0.41
782	1	1.00
782	2	1.00
782	3	1.00
782	4	1.00
782	5	1.00
782	6	1.00
782	7	0.46
783	1	1.00
783	2	1.00
783	3	1.00
783	4	1.00
783	5	1.00
783	6	1.00
783	7	1.00
783	8	1.00
783	9	1.00
783	10	0.56
784	1	1.00
784	2	1.00
784	3	0.51
785	1	1.00
785	2	1.00
785	3	1.00
785	4	1.00
785	5	1.00
785	6	1.00
785	7	1.00
785	8	0.57
786	1	1.00
786	2	1.00
786	3	0.53
787	1	1.00
787	2	1.00
787	3	1.00
787	4	1.00
787	5	0.73
788	1	1.00
788	2	0.73
789	1	1.00
789	2	1.00
789	3	1.00
789	4	1.00
789	5	0.78
790	1	1.00
790	2	1.00
790	3	0.30
791	1	1.00
791	2	1.00
791	3	0.19
792	1	1.00
792	2	0.98
793	1	1.00
793	2	1.00
793	3	1.00
793	4	1.00
793	5	0.12
794	1	1.00
794	2	1.00
794	3	1.00
794	4	0.74
795	1	1.00
795	2	1.00
795	3	1.00
795	4	1.00
795	5	1.00
795	6	1.00
795	7	1.00
795	8	1.00
795	9	1.00
795	10	0.53
796	1	1.00
796	2	1.00
796	3	1.00
796	4	1.00
796	5	1.00
796	6	1.00
796	7	1.00
796	8	1.00
796	9	1.00
796	10	0.50
797	1	1.00
797	2	0.44
798	1	1.00
798	2	1.00
798	3	1.00
798	4	1.00
798	5	0.34
799	1	1.00
799	2	0.15
800	1	1.00
800	2	0.98
801	1	1.00
801	2	1.00
801	3	1.00
801	4	1.00
801	5	1.00
801	6	1.00
801	7	1.00
801	8	1.00
801	9	1.00
801	10	1.00
801	11	0.90
802	1	1.00
802	2	1.00
802	3	1.00
802	4	1.00
802	5	1.00
802	6	1.00
802	7	1.00
802	8	1.00
802	9	1.00
802	10	1.00
802	11	0.11
803	1	1.00
803	2	1.00
803	3	1.00
803	4	1.00
803	5	1.00
803	6	1.00
803	7	1.00
803	8	1.00
803	9	1.00
803	10	1.00
803	11	0.12
804	1	1.00
804	2	0.04
805	1	1.00
805	2	0.42
806	1	1.00
806	2	0.95
807	1	1.00
807	2	1.00
807	3	1.00
807	4	1.00
807	5	1.00
807	6	0.32
808	1	1.00
808	2	0.57
809	1	1.00
809	2	1.00
809	3	1.00
809	4	1.00
809	5	1.00
809	6	1.00
809	7	1.00
809	8	0.33
810	1	1.00
810	2	1.00
810	3	1.00
810	4	1.00
810	5	1.00
810	6	1.00
810	7	0.37
811	1	1.00
811	2	1.00
811	3	1.00
811	4	0.55
812	1	1.00
812	2	1.00
812	3	1.00
812	4	1.00
812	5	1.00
812	6	1.00
812	7	1.00
812	8	0.12
813	1	1.00
813	2	0.04
814	1	1.00
814	2	1.00
814	3	1.00
814	4	1.00
814	5	1.00
814	6	1.00
814	7	1.00
814	8	1.00
814	9	1.00
814	10	0.47
815	1	1.00
815	2	1.00
815	3	1.00
815	4	1.00
815	5	1.00
815	6	1.00
815	7	1.00
815	8	1.00
815	9	0.91
816	1	1.00
816	2	1.00
816	3	1.00
816	4	1.00
816	5	1.00
816	6	0.32
817	1	1.00
817	2	1.00
817	3	0.55
818	1	1.00
818	2	1.00
818	3	1.00
818	4	1.00
818	5	1.00
818	6	0.43
819	1	1.00
819	2	0.54
820	1	1.00
820	2	1.00
820	3	1.00
820	4	1.00
820	5	1.00
820	6	1.00
820	7	1.00
820	8	1.00
820	9	1.00
820	10	0.46
821	1	1.00
821	2	1.00
821	3	1.00
821	4	1.00
821	5	1.00
821	6	1.00
821	7	1.00
821	8	1.00
821	9	1.00
821	10	0.97
822	1	1.00
822	2	1.00
822	3	0.12
823	1	1.00
823	2	1.00
823	3	0.16
824	1	1.00
824	2	1.00
824	3	1.00
824	4	1.00
824	5	1.00
824	6	1.00
824	7	0.96
825	1	1.00
825	2	1.00
825	3	1.00
825	4	1.00
825	5	1.00
825	6	1.00
825	7	1.00
825	8	1.00
825	9	1.00
825	10	1.00
825	11	0.90
826	1	1.00
826	2	1.00
826	3	0.32
827	1	1.00
827	2	1.00
827	3	0.95
828	1	1.00
828	2	1.00
828	3	0.86
829	1	1.00
829	2	1.00
829	3	1.00
829	4	1.00
829	5	1.00
829	6	1.00
829	7	1.00
829	8	1.00
829	9	1.00
829	10	0.81
830	1	1.00
830	2	1.00
830	3	1.00
830	4	0.64
831	1	1.00
831	2	1.00
831	3	1.00
831	4	1.00
831	5	1.00
831	6	1.00
831	7	1.00
831	8	0.26
832	1	1.00
832	2	1.00
832	3	0.64
833	1	1.00
833	2	1.00
833	3	1.00
833	4	1.00
833	5	1.00
833	6	1.00
833	7	0.12
834	1	1.00
834	2	1.00
834	3	1.00
834	4	1.00
834	5	1.00
834	6	0.50
835	1	1.00
835	2	1.00
835	3	1.00
835	4	1.00
835	5	1.00
835	6	1.00
835	7	1.00
835	8	0.01
836	1	1.00
836	2	1.00
836	3	1.00
836	4	1.00
836	5	0.40
837	1	1.00
837	2	0.03
838	1	1.00
838	2	0.09
839	1	1.00
839	2	1.00
839	3	0.93
840	1	1.00
840	2	1.00
840	3	1.00
840	4	1.00
840	5	1.00
840	6	0.74
841	1	1.00
841	2	0.16
842	1	1.00
842	2	1.00
842	3	1.00
842	4	1.00
842	5	1.00
842	6	0.37
843	1	1.00
843	2	1.00
843	3	1.00
843	4	1.00
843	5	1.00
843	6	1.00
843	7	1.00
843	8	1.00
843	9	1.00
843	10	0.76
844	1	1.00
844	2	1.00
844	3	1.00
844	4	1.00
844	5	1.00
844	6	1.00
844	7	1.00
844	8	1.00
844	9	1.00
844	10	0.97
845	1	1.00
845	2	1.00
845	3	1.00
845	4	1.00
845	5	0.60
846	1	1.00
846	2	1.00
846	3	1.00
846	4	1.00
846	5	1.00
846	6	1.00
846	7	0.41
847	1	1.00
847	2	1.00
847	3	1.00
847	4	1.00
847	5	1.00
847	6	1.00
847	7	1.00
847	8	1.00
847	9	0.26
848	1	1.00
848	2	1.00
848	3	1.00
848	4	0.84
849	1	1.00
849	2	1.00
849	3	1.00
849	4	1.00
849	5	1.00
849	6	1.00
849	7	1.00
849	8	0.28
850	1	1.00
850	2	0.91
851	1	1.00
851	2	1.00
851	3	1.00
851	4	1.00
851	5	1.00
851	6	1.00
851	7	1.00
851	8	0.61
852	1	1.00
852	2	1.00
852	3	1.00
852	4	1.00
852	5	1.00
852	6	1.00
852	7	1.00
852	8	0.88
853	1	1.00
853	2	1.00
853	3	1.00
853	4	0.61
854	1	1.00
854	2	1.00
854	3	1.00
854	4	0.06
855	1	1.00
855	2	1.00
855	3	0.72
856	1	1.00
856	2	1.00
856	3	1.00
856	4	0.29
857	1	1.00
857	2	1.00
857	3	1.00
857	4	1.00
857	5	1.00
857	6	1.00
857	7	1.00
857	8	1.00
857	9	1.00
857	10	0.18
858	1	1.00
858	2	1.00
858	3	1.00
858	4	1.00
858	5	0.14
859	1	1.00
859	2	1.00
859	3	1.00
859	4	0.73
860	1	1.00
860	2	1.00
860	3	1.00
860	4	0.39
861	1	1.00
861	2	1.00
861	3	1.00
861	4	0.80
862	1	1.00
862	2	1.00
862	3	1.00
862	4	1.00
862	5	1.00
862	6	0.09
863	1	1.00
863	2	1.00
863	3	1.00
863	4	1.00
863	5	1.00
863	6	1.00
863	7	0.31
864	1	1.00
864	2	0.97
865	1	1.00
865	2	1.00
865	3	1.00
865	4	1.00
865	5	0.92
866	1	1.00
866	2	1.00
866	3	1.00
866	4	1.00
866	5	1.00
866	6	1.00
866	7	1.00
866	8	1.00
866	9	0.83
867	1	1.00
867	2	1.00
867	3	1.00
867	4	1.00
867	5	0.61
868	1	1.00
868	2	1.00
868	3	1.00
868	4	1.00
868	5	1.00
868	6	1.00
868	7	1.00
868	8	0.24
869	1	1.00
869	2	1.00
869	3	1.00
869	4	1.00
869	5	0.25
870	1	1.00
870	2	1.00
870	3	1.00
870	4	1.00
870	5	1.00
870	6	1.00
870	7	1.00
870	8	1.00
870	9	1.00
870	10	0.81
871	1	1.00
871	2	1.00
871	3	1.00
871	4	0.07
872	1	1.00
872	2	0.71
873	1	1.00
873	2	1.00
873	3	0.97
874	1	1.00
874	2	1.00
874	3	0.38
875	1	1.00
875	2	0.56
876	1	1.00
876	2	1.00
876	3	0.09
877	1	1.00
877	2	1.00
877	3	1.00
877	4	1.00
877	5	0.08
878	1	1.00
878	2	1.00
878	3	1.00
878	4	1.00
878	5	1.00
878	6	1.00
878	7	1.00
878	8	1.00
878	9	1.00
878	10	1.00
878	11	0.09
879	1	1.00
879	2	0.64
880	1	1.00
880	2	1.00
880	3	1.00
880	4	1.00
880	5	1.00
881	1	1.00
881	2	1.00
881	3	1.00
881	4	1.00
881	5	1.00
881	6	1.00
881	7	0.28
882	1	1.00
882	2	1.00
882	3	1.00
882	4	1.00
882	5	0.66
883	1	1.00
883	2	1.00
883	3	1.00
883	4	1.00
883	5	1.00
883	6	1.00
883	7	1.00
883	8	0.68
884	1	1.00
884	2	1.00
884	3	1.00
884	4	1.00
884	5	1.00
884	6	1.00
884	7	0.99
885	1	1.00
885	2	1.00
885	3	1.00
885	4	1.00
885	5	0.34
886	1	1.00
886	2	1.00
886	3	1.00
886	4	1.00
886	5	1.00
886	6	0.33
887	1	1.00
887	2	1.00
887	3	1.00
887	4	1.00
887	5	1.00
887	6	1.00
887	7	1.00
887	8	0.21
888	1	1.00
888	2	1.00
888	3	1.00
888	4	0.22
889	1	1.00
889	2	1.00
889	3	1.00
889	4	1.00
889	5	1.00
889	6	1.00
889	7	0.62
890	1	1.00
890	2	1.00
890	3	1.00
890	4	1.00
890	5	1.00
890	6	1.00
890	7	1.00
890	8	1.00
890	9	1.00
890	10	0.78
891	1	1.00
891	2	1.00
891	3	1.00
891	4	1.00
891	5	1.00
891	6	1.00
891	7	1.00
891	8	0.13
892	1	1.00
892	2	1.00
892	3	1.00
892	4	1.00
892	5	1.00
892	6	1.00
892	7	1.00
892	8	1.00
892	9	1.00
892	10	1.00
892	11	0.87
893	1	1.00
893	2	1.00
893	3	1.00
893	4	1.00
893	5	1.00
893	6	1.00
893	7	1.00
893	8	0.57
894	1	1.00
894	2	1.00
894	3	1.00
894	4	1.00
894	5	0.39
895	1	1.00
895	2	1.00
895	3	1.00
895	4	1.00
895	5	1.00
895	6	1.00
895	7	1.00
895	8	1.00
895	9	0.96
896	1	1.00
896	2	1.00
896	3	0.55
897	1	1.00
897	2	1.00
897	3	1.00
897	4	1.00
897	5	1.00
897	6	1.00
897	7	1.00
897	8	0.98
898	1	1.00
898	2	1.00
898	3	1.00
898	4	1.00
898	5	0.61
899	1	1.00
899	2	1.00
899	3	1.00
899	4	1.00
899	5	1.00
899	6	1.00
899	7	1.00
899	8	1.00
899	9	0.59
900	1	1.00
900	2	1.00
900	3	1.00
900	4	1.00
900	5	1.00
900	6	1.00
900	7	0.97
901	1	1.00
901	2	1.00
901	3	1.00
901	4	1.00
901	5	0.04
902	1	1.00
902	2	1.00
902	3	1.00
902	4	1.00
902	5	1.00
902	6	0.06
903	1	1.00
903	2	1.00
903	3	0.53
904	1	1.00
904	2	1.00
904	3	1.00
904	4	1.00
904	5	1.00
904	6	0.25
905	1	1.00
905	2	1.00
905	3	0.06
906	1	1.00
906	2	1.00
906	3	1.00
906	4	0.91
907	1	1.00
907	2	1.00
907	3	1.00
907	4	1.00
907	5	1.00
907	6	1.00
907	7	1.00
907	8	1.00
907	9	0.68
908	1	1.00
908	2	1.00
908	3	1.00
908	4	1.00
908	5	1.00
908	6	1.00
908	7	1.00
908	8	0.23
909	1	1.00
909	2	1.00
909	3	0.12
910	1	1.00
910	2	0.67
911	1	1.00
911	2	1.00
911	3	1.00
911	4	1.00
911	5	1.00
911	6	1.00
911	7	1.00
911	8	1.00
911	9	1.00
911	10	0.57
912	1	1.00
912	2	1.00
912	3	1.00
912	4	1.00
912	5	1.00
912	6	1.00
912	7	1.00
912	8	1.00
912	9	1.00
912	10	1.00
912	11	0.73
913	1	1.00
913	2	1.00
913	3	1.00
913	4	0.48
914	1	1.00
914	2	1.00
914	3	1.00
914	4	0.40
915	1	1.00
915	2	1.00
915	3	0.27
916	1	1.00
916	2	1.00
916	3	0.47
917	1	1.00
917	2	1.00
917	3	0.14
918	1	1.00
918	2	1.00
918	3	0.43
919	1	1.00
919	2	1.00
919	3	1.00
919	4	1.00
919	5	1.00
919	6	1.00
919	7	1.00
919	8	1.00
919	9	0.55
920	1	1.00
920	2	1.00
920	3	1.00
920	4	1.00
920	5	1.00
920	6	0.58
921	1	1.00
921	2	0.38
922	1	1.00
922	2	1.00
922	3	1.00
922	4	1.00
922	5	1.00
922	6	1.00
922	7	0.86
923	1	1.00
923	2	1.00
923	3	0.54
924	1	1.00
924	2	1.00
924	3	1.00
924	4	1.00
924	5	1.00
924	6	1.00
925	1	1.00
925	2	1.00
925	3	1.00
925	4	1.00
925	5	1.00
925	6	0.61
926	1	1.00
926	2	1.00
926	3	1.00
926	4	1.00
926	5	1.00
926	6	1.00
926	7	0.83
927	1	1.00
927	2	1.00
927	3	0.53
928	1	1.00
928	2	1.00
928	3	1.00
928	4	1.00
928	5	1.00
928	6	1.00
928	7	1.00
928	8	1.00
928	9	0.42
929	1	1.00
929	2	1.00
929	3	1.00
929	4	0.60
930	1	1.00
930	2	1.00
930	3	1.00
930	4	1.00
930	5	0.82
931	1	1.00
931	2	1.00
931	3	1.00
931	4	1.00
931	5	1.00
931	6	1.00
931	7	1.00
931	8	1.00
931	9	0.24
932	1	1.00
932	2	1.00
932	3	1.00
932	4	1.00
932	5	0.09
933	1	1.00
933	2	1.00
933	3	1.00
933	4	1.00
933	5	1.00
933	6	1.00
933	7	0.00
934	1	1.00
934	2	1.00
934	3	0.06
935	1	1.00
935	2	1.00
935	3	0.98
936	1	1.00
936	2	0.05
937	1	1.00
937	2	0.31
938	1	1.00
938	2	1.00
938	3	1.00
938	4	1.00
938	5	1.00
938	6	1.00
938	7	1.00
938	8	1.00
938	9	0.17
939	1	1.00
939	2	0.65
940	1	1.00
940	2	1.00
940	3	1.00
940	4	1.00
940	5	1.00
940	6	1.00
940	7	1.00
940	8	1.00
940	9	0.18
941	1	1.00
941	2	1.00
941	3	1.00
941	4	1.00
941	5	1.00
941	6	1.00
941	7	1.00
941	8	1.00
941	9	1.00
941	10	0.65
942	1	1.00
942	2	1.00
942	3	1.00
942	4	1.00
942	5	1.00
942	6	1.00
942	7	1.00
942	8	1.00
942	9	0.57
943	1	1.00
943	2	1.00
943	3	0.53
944	1	1.00
944	2	1.00
944	3	1.00
944	4	1.00
944	5	1.00
944	6	0.44
945	1	1.00
945	2	1.00
945	3	1.00
945	4	0.07
946	1	1.00
946	2	1.00
946	3	0.54
947	1	1.00
947	2	1.00
947	3	0.33
948	1	1.00
948	2	1.00
948	3	1.00
948	4	0.00
949	1	1.00
949	2	1.00
949	3	1.00
949	4	0.85
950	1	1.00
950	2	1.00
950	3	1.00
950	4	0.89
951	1	1.00
951	2	1.00
951	3	1.00
951	4	0.55
952	1	1.00
952	2	1.00
952	3	0.07
953	1	1.00
953	2	1.00
953	3	1.00
953	4	0.05
954	1	1.00
954	2	1.00
954	3	0.21
955	1	1.00
955	2	1.00
955	3	1.00
955	4	0.10
956	1	1.00
956	2	1.00
956	3	1.00
956	4	1.00
956	5	1.00
956	6	1.00
956	7	0.48
957	1	1.00
957	2	0.36
958	1	1.00
958	2	1.00
958	3	1.00
958	4	1.00
958	5	1.00
958	6	1.00
958	7	1.00
958	8	1.00
958	9	0.85
959	1	1.00
959	2	0.66
960	1	1.00
960	2	1.00
960	3	0.43
961	1	1.00
961	2	1.00
961	3	1.00
961	4	0.85
962	1	1.00
962	2	0.35
963	1	1.00
963	2	1.00
963	3	1.00
963	4	1.00
963	5	1.00
963	6	0.57
964	1	1.00
964	2	1.00
964	3	0.66
965	1	1.00
965	2	1.00
965	3	1.00
965	4	0.72
966	1	1.00
966	2	1.00
966	3	1.00
966	4	1.00
966	5	1.00
966	6	1.00
966	7	0.90
967	1	1.00
967	2	1.00
967	3	1.00
967	4	0.27
968	1	1.00
968	2	1.00
968	3	1.00
968	4	1.00
968	5	1.00
968	6	1.00
968	7	1.00
968	8	1.00
968	9	0.56
969	1	1.00
969	2	1.00
969	3	0.22
970	1	1.00
970	2	0.02
971	1	1.00
971	2	1.00
971	3	1.00
971	4	0.86
972	1	1.00
972	2	1.00
972	3	1.00
972	4	1.00
972	5	0.10
973	1	1.00
973	2	0.08
974	1	1.00
974	2	0.46
975	1	1.00
975	2	1.00
975	3	1.00
975	4	0.83
976	1	1.00
976	2	1.00
976	3	1.00
976	4	1.00
976	5	1.00
976	6	0.95
977	1	1.00
977	2	0.89
978	1	1.00
978	2	1.00
978	3	1.00
978	4	1.00
978	5	0.40
979	1	1.00
979	2	1.00
979	3	0.56
980	1	1.00
980	2	1.00
980	3	1.00
980	4	1.00
980	5	1.00
980	6	0.82
981	1	1.00
981	2	1.00
981	3	1.00
981	4	1.00
981	5	1.00
981	6	1.00
981	7	1.00
981	8	1.00
981	9	1.00
981	10	1.00
981	11	0.72
982	1	1.00
982	2	1.00
982	3	1.00
982	4	0.07
983	1	1.00
983	2	1.00
983	3	1.00
983	4	0.77
984	1	1.00
984	2	1.00
984	3	1.00
984	4	1.00
984	5	1.00
984	6	1.00
984	7	1.00
984	8	1.00
984	9	1.00
984	10	0.30
985	1	1.00
985	2	1.00
985	3	1.00
985	4	1.00
985	5	1.00
985	6	1.00
985	7	1.00
985	8	0.42
986	1	1.00
986	2	1.00
986	3	1.00
986	4	0.05
987	1	1.00
987	2	1.00
987	3	0.30
988	1	1.00
988	2	0.99
989	1	1.00
989	2	1.00
989	3	1.00
989	4	0.58
990	1	1.00
990	2	1.00
990	3	1.00
990	4	1.00
990	5	0.11
991	1	1.00
991	2	1.00
991	3	1.00
991	4	0.78
992	1	1.00
992	2	1.00
992	3	1.00
992	4	1.00
992	5	1.00
992	6	1.00
992	7	1.00
992	8	1.00
992	9	0.31
993	1	1.00
993	2	1.00
993	3	1.00
993	4	1.00
993	5	1.00
993	6	1.00
993	7	1.00
993	8	1.00
993	9	1.00
993	10	0.31
994	1	1.00
994	2	1.00
994	3	1.00
994	4	1.00
994	5	1.00
994	6	1.00
994	7	1.00
994	8	0.65
995	1	1.00
995	2	1.00
995	3	1.00
995	4	1.00
995	5	1.00
995	6	1.00
995	7	1.00
995	8	0.64
996	1	1.00
996	2	1.00
996	3	1.00
996	4	1.00
996	5	1.00
996	6	0.85
997	1	1.00
997	2	1.00
997	3	1.00
997	4	1.00
997	5	1.00
997	6	1.00
997	7	1.00
997	8	1.00
997	9	1.00
997	10	1.00
997	11	0.26
998	1	1.00
998	2	1.00
998	3	0.58
999	1	1.00
999	2	1.00
999	3	1.00
999	4	0.09
1000	1	1.00
1000	2	1.00
1000	3	0.86
