p	d	Pr(p,d)
1	1	1.00
1	2	1.00
1	3	1.00
1	4	0.45
2	1	1.00
2	2	1.00
2	3	0.69
3	1	1.00
3	2	0.98
4	1	1.00
4	2	0.56
5	1	1.00
5	2	0.69
6	1	1.00
6	2	1.00
6	3	1.00
6	4	1.00
6	5	1.00
6	6	0.58
7	1	1.00
7	2	0.02
8	1	1.00
8	2	1.00
8	3	1.00
8	4	1.00
8	5	1.00
8	6	0.86
9	1	1.00
9	2	1.00
9	3	0.70
10	1	1.00
10	2	1.00
10	3	1.00
10	4	0.62
11	1	1.00
11	2	1.00
11	3	1.00
11	4	1.00
11	5	0.44
12	1	1.00
12	2	1.00
12	3	0.57
13	1	1.00
13	2	1.00
13	3	1.00
13	4	1.00
13	5	0.08
14	1	1.00
14	2	1.00
14	3	1.00
14	4	1.00
14	5	1.00
14	6	0.85
15	1	1.00
15	2	1.00
15	3	1.00
15	4	1.00
15	5	0.98
16	1	1.00
16	2	0.76
17	1	1.00
17	2	1.00
17	3	1.00
17	4	1.00
17	5	0.14
18	1	1.00
18	2	1.00
18	3	1.00
18	4	0.45
19	1	1.00
19	2	0.22
20	1	1.00
20	2	0.86
21	1	1.00
21	2	1.00
21	3	1.00
21	4	0.05
22	1	1.00
22	2	1.00
22	3	1.00
22	4	1.00
22	5	1.00
22	6	0.94
23	1	1.00
23	2	1.00
23	3	1.00
23	4	1.00
23	5	0.59
24	1	1.00
24	2	1.00
24	3	1.00
24	4	0.58
25	1	1.00
25	2	1.00
25	3	0.84
26	1	1.00
26	2	1.00
26	3	1.00
26	4	0.08
27	1	1.00
27	2	0.81
28	1	1.00
28	2	1.00
28	3	1.00
28	4	1.00
28	5	0.55
29	1	1.00
29	2	0.97
30	1	1.00
30	2	1.00
30	3	1.00
30	4	0.68
31	1	1.00
31	2	1.00
31	3	1.00
31	4	0.30
32	1	1.00
32	2	1.00
32	3	1.00
32	4	1.00
32	5	1.00
32	6	0.60
33	1	1.00
33	2	1.00
33	3	0.65
34	1	1.00
34	2	1.00
34	3	1.00
34	4	1.00
34	5	0.40
35	1	1.00
35	2	0.49
36	1	1.00
36	2	0.83
37	1	1.00
37	2	1.00
37	3	1.00
37	4	1.00
37	5	0.12
38	1	1.00
38	2	0.27
39	1	1.00
39	2	1.00
39	3	1.00
39	4	1.00
39	5	0.61
40	1	1.00
40	2	1.00
40	3	0.84
41	1	1.00
41	2	0.48
42	1	1.00
42	2	1.00
42	3	1.00
42	4	0.80
43	1	1.00
43	2	1.00
43	3	0.31
44	1	1.00
44	2	1.00
44	3	1.00
44	4	1.00
44	5	0.32
45	1	1.00
45	2	1.00
45	3	1.00
45	4	1.00
45	5	1.00
45	6	0.36
46	1	1.00
46	2	1.00
46	3	1.00
46	4	1.00
46	5	1.00
46	6	0.07
47	1	1.00
47	2	0.00
48	1	1.00
48	2	1.00
48	3	1.00
48	4	1.00
48	5	1.00
48	6	0.63
49	1	1.00
49	2	1.00
49	3	1.00
49	4	1.00
49	5	1.00
49	6	0.51
50	1	1.00
50	2	1.00
50	3	0.72
51	1	1.00
51	2	1.00
51	3	0.82
52	1	1.00
52	2	1.00
52	3	0.06
53	1	1.00
53	2	1.00
53	3	1.00
53	4	1.00
53	5	1.00
53	6	0.74
54	1	1.00
54	2	1.00
54	3	1.00
54	4	1.00
54	5	1.00
54	6	0.83
55	1	1.00
55	2	1.00
55	3	0.03
56	1	1.00
56	2	1.00
56	3	1.00
56	4	1.00
56	5	1.00
56	6	1.00
56	7	1.00
56	8	0.17
57	1	1.00
57	2	1.00
57	3	0.66
58	1	1.00
58	2	1.00
58	3	1.00
58	4	0.63
59	1	1.00
59	2	1.00
59	3	0.73
60	1	1.00
60	2	1.00
60	3	1.00
60	4	0.81
61	1	1.00
61	2	1.00
61	3	1.00
61	4	1.00
61	5	1.00
61	6	1.00
61	7	1.00
61	8	1.00
61	9	1.00
61	10	1.00
61	11	0.34
62	1	1.00
62	2	1.00
62	3	1.00
62	4	1.00
62	5	1.00
62	6	0.65
63	1	1.00
63	2	0.19
64	1	1.00
64	2	1.00
64	3	1.00
64	4	1.00
64	5	0.95
65	1	1.00
65	2	0.97
66	1	1.00
66	2	0.38
67	1	1.00
67	2	1.00
67	3	1.00
67	4	1.00
67	5	1.00
67	6	1.00
67	7	1.00
67	8	1.00
67	9	0.62
68	1	1.00
68	2	1.00
68	3	1.00
68	4	1.00
68	5	1.00
68	6	1.00
68	7	1.00
68	8	0.00
69	1	1.00
69	2	1.00
69	3	1.00
69	4	1.00
69	5	1.00
69	6	1.00
69	7	1.00
69	8	1.00
69	9	0.76
70	1	1.00
70	2	0.03
71	1	1.00
71	2	1.00
71	3	1.00
71	4	0.16
72	1	1.00
72	2	0.94
73	1	1.00
73	2	1.00
73	3	1.00
73	4	1.00
73	5	1.00
73	6	1.00
73	7	1.00
73	8	1.00
73	9	1.00
73	10	1.00
73	11	0.12
74	1	1.00
74	2	1.00
74	3	1.00
74	4	1.00
74	5	1.00
74	6	1.00
74	7	1.00
74	8	0.39
75	1	1.00
75	2	1.00
75	3	1.00
75	4	1.00
75	5	1.00
75	6	1.00
75	7	1.00
75	8	1.00
75	9	0.73
76	1	1.00
76	2	0.65
77	1	1.00
77	2	1.00
77	3	1.00
77	4	1.00
77	5	1.00
77	6	0.69
78	1	1.00
78	2	1.00
78	3	1.00
78	4	1.00
78	5	1.00
78	6	0.40
79	1	1.00
79	2	1.00
79	3	1.00
79	4	1.00
79	5	1.00
79	6	1.00
79	7	0.08
80	1	1.00
80	2	0.08
81	1	1.00
81	2	1.00
81	3	1.00
81	4	1.00
81	5	1.00
81	6	1.00
81	7	1.00
81	8	1.00
81	9	1.00
81	10	0.89
82	1	1.00
82	2	0.77
83	1	1.00
83	2	1.00
83	3	1.00
83	4	0.04
84	1	1.00
84	2	1.00
84	3	1.00
84	4	0.00
85	1	1.00
85	2	1.00
85	3	0.04
86	1	1.00
86	2	1.00
86	3	1.00
86	4	1.00
86	5	1.00
86	6	1.00
86	7	0.91
87	1	1.00
87	2	1.00
87	3	1.00
87	4	0.77
88	1	1.00
88	2	1.00
88	3	1.00
88	4	1.00
88	5	1.00
88	6	1.00
88	7	0.21
89	1	1.00
89	2	1.00
89	3	0.72
90	1	1.00
90	2	1.00
90	3	1.00
90	4	0.09
91	1	1.00
91	2	1.00
91	3	1.00
91	4	1.00
91	5	0.72
92	1	1.00
92	2	1.00
92	3	1.00
92	4	1.00
92	5	1.00
92	6	1.00
92	7	0.86
93	1	1.00
93	2	1.00
93	3	0.07
94	1	1.00
94	2	1.00
94	3	1.00
94	4	1.00
94	5	1.00
94	6	1.00
94	7	1.00
94	8	0.04
95	1	1.00
95	2	1.00
95	3	1.00
95	4	1.00
95	5	1.00
95	6	0.71
96	1	1.00
96	2	1.00
96	3	0.12
97	1	1.00
97	2	1.00
97	3	0.29
98	1	1.00
98	2	1.00
98	3	1.00
98	4	1.00
98	5	1.00
98	6	1.00
98	7	1.00
98	8	1.00
98	9	1.00
98	10	0.96
99	1	1.00
99	2	1.00
99	3	1.00
99	4	1.00
99	5	0.59
100	1	1.00
100	2	1.00
100	3	0.34
101	1	1.00
101	2	1.00
101	3	1.00
101	4	1.00
101	5	1.00
101	6	1.00
101	7	1.00
101	8	1.00
101	9	1.00
101	10	0.45
102	1	1.00
102	2	1.00
102	3	1.00
102	4	1.00
102	5	1.00
102	6	1.00
102	7	1.00
102	8	1.00
102	9	0.35
103	1	1.00
103	2	1.00
103	3	1.00
103	4	1.00
103	5	1.00
103	6	1.00
103	7	1.00
103	8	1.00
103	9	1.00
103	10	0.95
104	1	1.00
104	2	1.00
104	3	1.00
104	4	0.21
105	1	1.00
105	2	1.00
105	3	1.00
105	4	0.11
106	1	1.00
106	2	1.00
106	3	1.00
106	4	1.00
106	5	1.00
106	6	1.00
106	7	1.00
106	8	1.00
106	9	1.00
106	10	1.00
106	11	0.41
107	1	1.00
107	2	1.00
107	3	1.00
107	4	1.00
107	5	1.00
107	6	1.00
107	7	1.00
107	8	1.00
107	9	1.00
107	10	1.00
107	11	0.33
108	1	1.00
108	2	0.06
109	1	1.00
109	2	1.00
109	3	1.00
109	4	1.00
109	5	1.00
109	6	1.00
109	7	1.00
109	8	0.22
110	1	1.00
110	2	1.00
110	3	1.00
110	4	1.00
110	5	1.00
110	6	1.00
110	7	1.00
110	8	1.00
110	9	0.39
111	1	1.00
111	2	1.00
111	3	1.00
111	4	0.26
112	1	1.00
112	2	1.00
112	3	1.00
112	4	1.00
112	5	1.00
112	6	1.00
112	7	1.00
112	8	1.00
112	9	1.00
112	10	1.00
112	11	0.98
113	1	1.00
113	2	1.00
113	3	0.69
114	1	1.00
114	2	1.00
114	3	1.00
114	4	1.00
114	5	1.00
114	6	1.00
114	7	1.00
114	8	1.00
114	9	1.00
114	10	1.00
114	11	0.03
115	1	1.00
115	2	1.00
115	3	1.00
115	4	1.00
115	5	1.00
115	6	1.00
115	7	1.00
115	8	1.00
115	9	1.00
115	10	0.99
116	1	1.00
116	2	0.91
117	1	1.00
117	2	1.00
117	3	0.56
118	1	1.00
118	2	1.00
118	3	1.00
118	4	1.00
118	5	1.00
118	6	1.00
118	7	0.16
119	1	1.00
119	2	1.00
119	3	1.00
119	4	0.67
120	1	1.00
120	2	1.00
120	3	1.00
120	4	1.00
120	5	0.02
121	1	1.00
121	2	0.71
122	1	1.00
122	2	1.00
122	3	1.00
122	4	0.37
123	1	1.00
123	2	1.00
123	3	0.49
124	1	1.00
124	2	1.00
124	3	0.10
125	1	1.00
125	2	0.07
126	1	1.00
126	2	1.00
126	3	1.00
126	4	0.74
127	1	1.00
127	2	1.00
127	3	1.00
127	4	1.00
127	5	1.00
127	6	1.00
127	7	1.00
127	8	0.56
128	1	1.00
128	2	1.00
128	3	1.00
128	4	1.00
128	5	1.00
128	6	1.00
128	7	1.00
128	8	0.69
129	1	1.00
129	2	1.00
129	3	1.00
129	4	1.00
129	5	0.64
130	1	1.00
130	2	1.00
130	3	1.00
130	4	1.00
130	5	1.00
130	6	1.00
130	7	1.00
130	8	1.00
130	9	0.42
131	1	1.00
131	2	1.00
131	3	1.00
131	4	1.00
131	5	1.00
131	6	0.49
132	1	1.00
132	2	1.00
132	3	0.79
133	1	1.00
133	2	1.00
133	3	1.00
133	4	0.68
134	1	1.00
134	2	1.00
134	3	0.04
135	1	1.00
135	2	1.00
135	3	0.42
136	1	1.00
136	2	0.70
137	1	1.00
137	2	1.00
137	3	0.91
138	1	1.00
138	2	1.00
138	3	0.50
139	1	1.00
139	2	1.00
139	3	1.00
139	4	0.20
140	1	1.00
140	2	1.00
140	3	0.66
141	1	1.00
141	2	0.80
142	1	1.00
142	2	1.00
142	3	1.00
142	4	1.00
142	5	1.00
142	6	1.00
142	7	1.00
142	8	1.00
142	9	1.00
142	10	0.53
143	1	1.00
143	2	1.00
143	3	0.17
144	1	1.00
144	2	1.00
144	3	0.35
145	1	1.00
145	2	0.22
146	1	1.00
146	2	1.00
146	3	1.00
146	4	1.00
146	5	1.00
146	6	1.00
146	7	0.28
147	1	1.00
147	2	1.00
147	3	1.00
147	4	1.00
147	5	0.03
148	1	1.00
148	2	1.00
148	3	0.90
149	1	1.00
149	2	1.00
149	3	1.00
149	4	1.00
149	5	1.00
149	6	1.00
149	7	1.00
149	8	1.00
149	9	1.00
149	10	0.53
150	1	1.00
150	2	1.00
150	3	0.46
151	1	1.00
151	2	1.00
151	3	1.00
151	4	1.00
151	5	1.00
151	6	1.00
151	7	0.31
152	1	1.00
152	2	0.98
153	1	1.00
153	2	1.00
153	3	0.30
154	1	1.00
154	2	1.00
154	3	0.67
155	1	1.00
155	2	1.00
155	3	1.00
155	4	1.00
155	5	1.00
155	6	1.00
155	7	0.18
156	1	1.00
156	2	1.00
156	3	1.00
156	4	1.00
156	5	0.54
157	1	1.00
157	2	0.01
158	1	1.00
158	2	1.00
158	3	0.07
159	1	1.00
159	2	1.00
159	3	1.00
159	4	0.55
160	1	1.00
160	2	1.00
160	3	1.00
160	4	1.00
160	5	0.29
161	1	1.00
161	2	1.00
161	3	1.00
161	4	0.30
162	1	1.00
162	2	1.00
162	3	1.00
162	4	0.38
163	1	1.00
163	2	0.76
164	1	1.00
164	2	1.00
164	3	1.00
164	4	0.72
165	1	1.00
165	2	1.00
165	3	1.00
165	4	1.00
165	5	1.00
165	6	1.00
165	7	1.00
165	8	0.72
166	1	1.00
166	2	1.00
166	3	0.22
167	1	1.00
167	2	1.00
167	3	1.00
167	4	1.00
167	5	1.00
167	6	0.93
168	1	1.00
168	2	1.00
168	3	0.94
169	1	1.00
169	2	0.07
170	1	1.00
170	2	1.00
170	3	1.00
170	4	0.03
171	1	1.00
171	2	1.00
171	3	1.00
171	4	1.00
171	5	0.55
172	1	1.00
172	2	1.00
172	3	0.79
173	1	1.00
173	2	1.00
173	3	1.00
173	4	1.00
173	5	1.00
173	6	1.00
173	7	1.00
173	8	1.00
173	9	1.00
173	10	0.14
174	1	1.00
174	2	0.97
175	1	1.00
175	2	1.00
175	3	1.00
175	4	1.00
175	5	1.00
175	6	0.89
176	1	1.00
176	2	1.00
176	3	1.00
176	4	1.00
176	5	1.00
176	6	1.00
176	7	1.00
176	8	0.96
177	1	1.00
177	2	0.73
178	1	1.00
178	2	1.00
178	3	1.00
178	4	1.00
178	5	1.00
178	6	1.00
178	7	1.00
178	8	1.00
178	9	0.51
179	1	1.00
179	2	1.00
179	3	0.04
180	1	1.00
180	2	1.00
180	3	1.00
180	4	1.00
180	5	1.00
180	6	0.69
181	1	1.00
181	2	1.00
181	3	0.84
182	1	1.00
182	2	1.00
182	3	0.00
183	1	1.00
183	2	1.00
183	3	1.00
183	4	1.00
183	5	1.00
183	6	1.00
183	7	0.68
184	1	1.00
184	2	1.00
184	3	1.00
184	4	0.14
185	1	1.00
185	2	1.00
185	3	1.00
185	4	1.00
185	5	0.85
186	1	1.00
186	2	1.00
186	3	1.00
186	4	0.73
187	1	1.00
187	2	0.24
188	1	1.00
188	2	1.00
188	3	1.00
188	4	0.26
189	1	1.00
189	2	1.00
189	3	1.00
189	4	1.00
189	5	1.00
189	6	1.00
189	7	1.00
189	8	1.00
189	9	1.00
189	10	1.00
189	11	0.80
190	1	1.00
190	2	1.00
190	3	1.00
190	4	0.02
191	1	1.00
191	2	0.52
192	1	1.00
192	2	1.00
192	3	0.23
193	1	1.00
193	2	1.00
193	3	1.00
193	4	0.26
194	1	1.00
194	2	1.00
194	3	1.00
194	4	0.71
195	1	1.00
195	2	1.00
195	3	1.00
195	4	1.00
195	5	1.00
195	6	1.00
195	7	1.00
195	8	0.56
196	1	1.00
196	2	1.00
196	3	1.00
196	4	0.90
197	1	1.00
197	2	1.00
197	3	0.46
198	1	1.00
198	2	1.00
198	3	1.00
198	4	1.00
198	5	0.34
199	1	1.00
199	2	1.00
199	3	1.00
199	4	0.34
200	1	1.00
200	2	1.00
200	3	1.00
200	4	1.00
200	5	1.00
200	6	0.91
201	1	1.00
201	2	1.00
201	3	1.00
201	4	1.00
201	5	1.00
201	6	1.00
201	7	1.00
201	8	1.00
201	9	1.00
201	10	1.00
201	11	0.64
202	1	1.00
202	2	1.00
202	3	1.00
202	4	1.00
202	5	1.00
202	6	1.00
202	7	1.00
202	8	1.00
202	9	1.00
202	10	1.00
202	11	0.46
203	1	1.00
203	2	1.00
203	3	1.00
203	4	1.00
203	5	1.00
203	6	1.00
203	7	0.22
204	1	1.00
204	2	1.00
204	3	1.00
204	4	1.00
204	5	1.00
204	6	1.00
204	7	1.00
204	8	1.00
204	9	0.33
205	1	1.00
205	2	1.00
205	3	1.00
205	4	1.00
205	5	1.00
205	6	1.00
205	7	1.00
205	8	1.00
205	9	1.00
205	10	1.00
205	11	0.61
206	1	1.00
206	2	1.00
206	3	0.12
207	1	1.00
207	2	0.17
208	1	1.00
208	2	1.00
208	3	1.00
208	4	1.00
208	5	1.00
208	6	1.00
208	7	0.97
209	1	1.00
209	2	1.00
209	3	1.00
209	4	1.00
209	5	1.00
209	6	1.00
209	7	1.00
209	8	1.00
209	9	0.74
210	1	1.00
210	2	1.00
210	3	0.26
211	1	1.00
211	2	1.00
211	3	0.59
212	1	1.00
212	2	1.00
212	3	1.00
212	4	1.00
212	5	1.00
212	6	1.00
212	7	1.00
212	8	1.00
212	9	1.00
212	10	0.22
213	1	1.00
213	2	1.00
213	3	1.00
213	4	0.42
214	1	1.00
214	2	0.70
215	1	1.00
215	2	0.20
216	1	1.00
216	2	1.00
216	3	1.00
216	4	1.00
216	5	1.00
216	6	1.00
216	7	1.00
216	8	0.38
217	1	1.00
217	2	1.00
217	3	1.00
217	4	1.00
217	5	1.00
217	6	1.00
217	7	1.00
217	8	0.77
218	1	1.00
218	2	1.00
218	3	1.00
218	4	1.00
218	5	0.47
219	1	1.00
219	2	0.36
220	1	1.00
220	2	1.00
220	3	0.07
221	1	1.00
221	2	1.00
221	3	1.00
221	4	0.19
222	1	1.00
222	2	1.00
222	3	0.76
223	1	1.00
223	2	1.00
223	3	1.00
223	4	0.44
224	1	1.00
224	2	1.00
224	3	1.00
224	4	0.62
225	1	1.00
225	2	1.00
225	3	1.00
225	4	1.00
225	5	1.00
225	6	1.00
225	7	0.06
226	1	1.00
226	2	1.00
226	3	0.62
227	1	1.00
227	2	1.00
227	3	1.00
227	4	1.00
227	5	1.00
227	6	1.00
227	7	0.98
228	1	1.00
228	2	1.00
228	3	1.00
228	4	0.78
229	1	1.00
229	2	1.00
229	3	1.00
229	4	0.04
230	1	1.00
230	2	1.00
230	3	1.00
230	4	1.00
230	5	1.00
230	6	1.00
230	7	1.00
230	8	1.00
230	9	1.00
230	10	1.00
230	11	0.50
231	1	1.00
231	2	0.11
232	1	1.00
232	2	1.00
232	3	1.00
232	4	0.44
233	1	1.00
233	2	1.00
233	3	0.62
234	1	1.00
234	2	1.00
234	3	0.86
235	1	1.00
235	2	1.00
235	3	1.00
235	4	1.00
235	5	1.00
235	6	0.58
236	1	1.00
236	2	0.71
237	1	1.00
237	2	1.00
237	3	1.00
237	4	1.00
237	5	1.00
237	6	0.85
238	1	1.00
238	2	1.00
238	3	1.00
238	4	1.00
238	5	0.20
239	1	1.00
239	2	1.00
239	3	1.00
239	4	1.00
239	5	1.00
239	6	0.58
240	1	1.00
240	2	1.00
240	3	0.46
241	1	1.00
241	2	1.00
241	3	1.00
241	4	1.00
241	5	1.00
241	6	0.41
242	1	1.00
242	2	0.64
243	1	1.00
243	2	0.89
244	1	1.00
244	2	1.00
244	3	1.00
244	4	1.00
244	5	0.14
245	1	1.00
245	2	0.35
246	1	1.00
246	2	1.00
246	3	1.00
246	4	0.48
247	1	1.00
247	2	1.00
247	3	0.96
248	1	1.00
248	2	0.74
249	1	1.00
249	2	1.00
249	3	1.00
249	4	1.00
249	5	1.00
249	6	0.70
250	1	1.00
250	2	0.40
251	1	1.00
251	2	1.00
251	3	1.00
251	4	1.00
251	5	1.00
251	6	1.00
251	7	0.99
252	1	1.00
252	2	1.00
252	3	1.00
252	4	0.70
253	1	1.00
253	2	1.00
253	3	0.39
254	1	1.00
254	2	1.00
254	3	1.00
254	4	1.00
254	5	1.00
254	6	0.27
255	1	1.00
255	2	1.00
255	3	1.00
255	4	1.00
255	5	1.00
255	6	1.00
255	7	0.65
256	1	1.00
256	2	1.00
256	3	1.00
256	4	0.40
257	1	1.00
257	2	1.00
257	3	1.00
257	4	0.28
258	1	1.00
258	2	1.00
258	3	0.08
259	1	1.00
259	2	1.00
259	3	1.00
259	4	1.00
259	5	1.00
259	6	0.73
260	1	1.00
260	2	0.88
261	1	1.00
261	2	1.00
261	3	0.39
262	1	1.00
262	2	1.00
262	3	1.00
262	4	1.00
262	5	1.00
262	6	1.00
262	7	1.00
262	8	0.22
263	1	1.00
263	2	1.00
263	3	1.00
263	4	1.00
263	5	0.84
264	1	1.00
264	2	1.00
264	3	1.00
264	4	1.00
264	5	1.00
264	6	1.00
264	7	1.00
264	8	1.00
264	9	1.00
264	10	1.00
264	11	0.30
265	1	1.00
265	2	0.79
266	1	1.00
266	2	0.76
267	1	1.00
267	2	1.00
267	3	0.54
268	1	1.00
268	2	0.10
269	1	1.00
269	2	0.71
270	1	1.00
270	2	1.00
270	3	1.00
270	4	0.92
271	1	1.00
271	2	0.28
272	1	1.00
272	2	1.00
272	3	1.00
272	4	1.00
272	5	1.00
272	6	1.00
272	7	1.00
272	8	1.00
272	9	0.69
273	1	1.00
273	2	1.00
273	3	1.00
273	4	1.00
273	5	1.00
273	6	1.00
273	7	1.00
273	8	1.00
273	9	0.87
274	1	1.00
274	2	1.00
274	3	1.00
274	4	1.00
274	5	1.00
274	6	1.00
274	7	1.00
274	8	1.00
274	9	0.04
275	1	1.00
275	2	1.00
275	3	0.93
276	1	1.00
276	2	1.00
276	3	0.75
277	1	1.00
277	2	1.00
277	3	1.00
277	4	1.00
277	5	1.00
277	6	1.00
277	7	0.49
278	1	1.00
278	2	1.00
278	3	0.41
279	1	1.00
279	2	1.00
279	3	1.00
279	4	1.00
279	5	0.38
280	1	1.00
280	2	1.00
280	3	1.00
280	4	1.00
280	5	0.15
281	1	1.00
281	2	1.00
281	3	0.82
282	1	1.00
282	2	1.00
282	3	0.82
283	1	1.00
283	2	1.00
283	3	1.00
283	4	1.00
283	5	1.00
283	6	1.00
283	7	1.00
283	8	1.00
283	9	1.00
283	10	0.99
284	1	1.00
284	2	1.00
284	3	1.00
284	4	1.00
284	5	1.00
284	6	1.00
284	7	0.11
285	1	1.00
285	2	1.00
285	3	1.00
285	4	1.00
285	5	0.40
286	1	1.00
286	2	1.00
286	3	1.00
286	4	1.00
286	5	1.00
286	6	0.84
287	1	1.00
287	2	1.00
287	3	1.00
287	4	1.00
287	5	1.00
287	6	1.00
287	7	1.00
287	8	1.00
287	9	1.00
287	10	1.00
288	1	1.00
288	2	1.00
288	3	1.00
288	4	1.00
288	5	1.00
288	6	1.00
288	7	1.00
288	8	0.06
289	1	1.00
289	2	0.11
290	1	1.00
290	2	0.37
291	1	1.00
291	2	1.00
291	3	1.00
291	4	0.64
292	1	1.00
292	2	1.00
292	3	1.00
292	4	1.00
292	5	1.00
292	6	0.57
293	1	1.00
293	2	1.00
293	3	1.00
293	4	1.00
293	5	1.00
293	6	1.00
293	7	1.00
293	8	0.60
294	1	1.00
294	2	1.00
294	3	0.49
295	1	1.00
295	2	1.00
295	3	1.00
295	4	0.10
296	1	1.00
296	2	1.00
296	3	1.00
296	4	0.77
297	1	1.00
297	2	1.00
297	3	1.00
297	4	1.00
297	5	1.00
297	6	1.00
297	7	1.00
297	8	1.00
297	9	1.00
297	10	1.00
297	11	0.05
298	1	1.00
298	2	1.00
298	3	0.01
299	1	1.00
299	2	1.00
299	3	1.00
299	4	0.47
300	1	1.00
300	2	0.68
301	1	1.00
301	2	1.00
301	3	0.60
302	1	1.00
302	2	1.00
302	3	1.00
302	4	1.00
302	5	0.39
303	1	1.00
303	2	1.00
303	3	1.00
303	4	0.46
304	1	1.00
304	2	1.00
304	3	1.00
304	4	1.00
304	5	1.00
304	6	1.00
304	7	0.22
305	1	1.00
305	2	1.00
305	3	1.00
305	4	0.99
306	1	1.00
306	2	0.36
307	1	1.00
307	2	1.00
307	3	1.00
307	4	1.00
307	5	1.00
307	6	0.82
308	1	1.00
308	2	1.00
308	3	1.00
308	4	1.00
308	5	0.44
309	1	1.00
309	2	0.05
310	1	1.00
310	2	1.00
310	3	1.00
310	4	0.65
311	1	1.00
311	2	1.00
311	3	0.23
312	1	1.00
312	2	1.00
312	3	0.70
313	1	1.00
313	2	1.00
313	3	1.00
313	4	1.00
313	5	1.00
313	6	1.00
313	7	1.00
313	8	1.00
313	9	0.04
314	1	1.00
314	2	1.00
314	3	1.00
314	4	1.00
314	5	1.00
314	6	1.00
314	7	1.00
314	8	0.98
315	1	1.00
315	2	0.66
316	1	1.00
316	2	1.00
316	3	1.00
316	4	1.00
316	5	1.00
316	6	0.73
317	1	1.00
317	2	1.00
317	3	1.00
317	4	1.00
317	5	1.00
317	6	1.00
317	7	1.00
317	8	1.00
317	9	1.00
317	10	1.00
317	11	0.79
318	1	1.00
318	2	0.10
319	1	1.00
319	2	1.00
319	3	1.00
319	4	1.00
319	5	0.87
320	1	1.00
320	2	1.00
320	3	0.23
321	1	1.00
321	2	1.00
321	3	1.00
321	4	0.83
322	1	1.00
322	2	1.00
322	3	1.00
322	4	1.00
322	5	1.00
322	6	1.00
322	7	1.00
322	8	1.00
322	9	0.49
323	1	1.00
323	2	1.00
323	3	1.00
323	4	0.05
324	1	1.00
324	2	1.00
324	3	1.00
324	4	1.00
324	5	1.00
324	6	1.00
324	7	1.00
324	8	0.06
325	1	1.00
325	2	1.00
325	3	1.00
325	4	0.95
326	1	1.00
326	2	0.82
327	1	1.00
327	2	1.00
327	3	1.00
327	4	0.47
328	1	1.00
328	2	1.00
328	3	1.00
328	4	0.44
329	1	1.00
329	2	1.00
329	3	1.00
329	4	0.52
330	1	1.00
330	2	1.00
330	3	1.00
330	4	1.00
330	5	0.02
331	1	1.00
331	2	1.00
331	3	1.00
331	4	0.95
332	1	1.00
332	2	1.00
332	3	1.00
332	4	1.00
332	5	1.00
332	6	1.00
332	7	0.81
333	1	1.00
333	2	1.00
333	3	1.00
333	4	1.00
333	5	0.31
334	1	1.00
334	2	1.00
334	3	1.00
334	4	1.00
334	5	1.00
334	6	1.00
334	7	0.87
335	1	1.00
335	2	0.42
336	1	1.00
336	2	1.00
336	3	1.00
336	4	0.40
337	1	1.00
337	2	1.00
337	3	1.00
337	4	0.45
338	1	1.00
338	2	1.00
338	3	1.00
338	4	1.00
338	5	1.00
338	6	0.99
339	1	1.00
339	2	1.00
339	3	1.00
339	4	0.17
340	1	1.00
340	2	1.00
340	3	1.00
340	4	1.00
340	5	1.00
340	6	0.33
341	1	1.00
341	2	1.00
341	3	1.00
341	4	1.00
341	5	1.00
341	6	1.00
341	7	1.00
341	8	1.00
341	9	1.00
341	10	1.00
341	11	0.21
342	1	1.00
342	2	1.00
342	3	1.00
342	4	1.00
342	5	1.00
342	6	1.00
342	7	0.57
343	1	1.00
343	2	1.00
343	3	1.00
343	4	0.84
344	1	1.00
344	2	1.00
344	3	1.00
344	4	1.00
344	5	1.00
344	6	1.00
344	7	1.00
344	8	0.07
345	1	1.00
345	2	1.00
345	3	1.00
345	4	1.00
345	5	1.00
345	6	1.00
345	7	0.64
346	1	1.00
346	2	1.00
346	3	1.00
346	4	0.89
347	1	1.00
347	2	1.00
347	3	1.00
347	4	1.00
347	5	0.53
348	1	1.00
348	2	1.00
348	3	1.00
348	4	1.00
348	5	1.00
348	6	0.53
349	1	1.00
349	2	1.00
349	3	1.00
349	4	1.00
349	5	1.00
349	6	1.00
349	7	0.93
350	1	1.00
350	2	1.00
350	3	1.00
350	4	0.60
351	1	1.00
351	2	1.00
351	3	1.00
351	4	1.00
351	5	0.34
352	1	1.00
352	2	1.00
352	3	0.69
353	1	1.00
353	2	1.00
353	3	1.00
353	4	1.00
353	5	1.00
353	6	0.24
354	1	1.00
354	2	1.00
354	3	0.06
355	1	1.00
355	2	1.00
355	3	1.00
355	4	1.00
355	5	1.00
355	6	1.00
355	7	1.00
355	8	1.00
355	9	1.00
355	10	1.00
355	11	0.11
356	1	1.00
356	2	0.31
357	1	1.00
357	2	1.00
357	3	0.62
358	1	1.00
358	2	0.35
359	1	1.00
359	2	1.00
359	3	0.70
360	1	1.00
360	2	1.00
360	3	1.00
360	4	0.30
361	1	1.00
361	2	1.00
361	3	1.00
361	4	1.00
361	5	1.00
361	6	1.00
361	7	1.00
361	8	1.00
361	9	0.35
362	1	1.00
362	2	1.00
362	3	1.00
362	4	1.00
362	5	1.00
362	6	1.00
362	7	0.43
363	1	1.00
363	2	1.00
363	3	1.00
363	4	1.00
363	5	0.84
364	1	1.00
364	2	1.00
364	3	0.88
365	1	1.00
365	2	1.00
365	3	1.00
365	4	0.86
366	1	1.00
366	2	1.00
366	3	1.00
366	4	0.82
367	1	1.00
367	2	0.47
368	1	1.00
368	2	1.00
368	3	0.76
369	1	1.00
369	2	0.97
370	1	1.00
370	2	1.00
370	3	1.00
370	4	0.97
371	1	1.00
371	2	1.00
371	3	1.00
371	4	1.00
371	5	1.00
371	6	1.00
371	7	1.00
371	8	1.00
371	9	1.00
371	10	1.00
371	11	0.31
372	1	1.00
372	2	1.00
372	3	1.00
372	4	1.00
372	5	1.00
372	6	0.45
373	1	1.00
373	2	1.00
373	3	1.00
373	4	1.00
373	5	1.00
373	6	1.00
373	7	1.00
373	8	1.00
373	9	1.00
373	10	1.00
373	11	0.33
374	1	1.00
374	2	0.27
375	1	1.00
375	2	0.73
376	1	1.00
376	2	1.00
376	3	0.42
377	1	1.00
377	2	1.00
377	3	0.55
378	1	1.00
378	2	1.00
378	3	1.00
378	4	1.00
378	5	1.00
378	6	1.00
378	7	1.00
378	8	0.35
379	1	1.00
379	2	1.00
379	3	0.22
380	1	1.00
380	2	1.00
380	3	1.00
380	4	1.00
380	5	1.00
380	6	1.00
380	7	1.00
380	8	1.00
380	9	1.00
380	10	1.00
380	11	0.86
381	1	1.00
381	2	1.00
381	3	1.00
381	4	1.00
381	5	1.00
381	6	1.00
381	7	1.00
381	8	0.31
382	1	1.00
382	2	1.00
382	3	1.00
382	4	1.00
382	5	0.40
383	1	1.00
383	2	1.00
383	3	1.00
383	4	1.00
383	5	1.00
383	6	1.00
383	7	1.00
383	8	0.77
384	1	1.00
384	2	1.00
384	3	1.00
384	4	0.93
385	1	1.00
385	2	1.00
385	3	1.00
385	4	0.68
386	1	1.00
386	2	1.00
386	3	0.02
387	1	1.00
387	2	1.00
387	3	1.00
387	4	1.00
387	5	1.00
387	6	1.00
387	7	1.00
387	8	0.94
388	1	1.00
388	2	1.00
388	3	1.00
388	4	1.00
388	5	0.71
389	1	1.00
389	2	1.00
389	3	1.00
389	4	0.35
390	1	1.00
390	2	1.00
390	3	1.00
390	4	1.00
390	5	0.71
391	1	1.00
391	2	1.00
391	3	1.00
391	4	1.00
391	5	1.00
391	6	0.43
392	1	1.00
392	2	1.00
392	3	1.00
392	4	0.41
393	1	1.00
393	2	1.00
393	3	1.00
393	4	1.00
393	5	1.00
393	6	1.00
393	7	0.22
394	1	1.00
394	2	1.00
394	3	1.00
394	4	1.00
394	5	1.00
394	6	0.98
395	1	1.00
395	2	0.56
396	1	1.00
396	2	1.00
396	3	0.89
397	1	1.00
397	2	1.00
397	3	0.77
398	1	1.00
398	2	1.00
398	3	1.00
398	4	1.00
398	5	1.00
398	6	1.00
398	7	1.00
398	8	1.00
398	9	0.46
399	1	1.00
399	2	1.00
399	3	1.00
399	4	0.21
400	1	1.00
400	2	1.00
400	3	0.49
401	1	1.00
401	2	1.00
401	3	1.00
401	4	1.00
401	5	1.00
401	6	1.00
401	7	1.00
401	8	1.00
401	9	1.00
401	10	1.00
401	11	0.23
402	1	1.00
402	2	1.00
402	3	1.00
402	4	1.00
402	5	0.76
403	1	1.00
403	2	1.00
403	3	1.00
403	4	1.00
403	5	0.19
404	1	1.00
404	2	1.00
404	3	1.00
404	4	0.22
405	1	1.00
405	2	1.00
405	3	1.00
405	4	1.00
405	5	1.00
405	6	0.57
406	1	1.00
406	2	1.00
406	3	1.00
406	4	0.39
407	1	1.00
407	2	1.00
407	3	1.00
407	4	1.00
407	5	1.00
407	6	1.00
407	7	1.00
407	8	0.66
408	1	1.00
408	2	1.00
408	3	1.00
408	4	1.00
408	5	1.00
408	6	1.00
408	7	1.00
408	8	1.00
408	9	1.00
408	10	0.36
409	1	1.00
409	2	1.00
409	3	1.00
409	4	1.00
409	5	1.00
409	6	1.00
409	7	1.00
409	8	1.00
409	9	0.27
410	1	1.00
410	2	1.00
410	3	1.00
410	4	1.00
410	5	1.00
410	6	1.00
410	7	1.00
410	8	0.23
411	1	1.00
411	2	1.00
411	3	1.00
411	4	1.00
411	5	1.00
411	6	1.00
411	7	1.00
411	8	1.00
411	9	1.00
411	10	0.42
412	1	1.00
412	2	1.00
412	3	1.00
412	4	0.96
413	1	1.00
413	2	0.55
414	1	1.00
414	2	1.00
414	3	1.00
414	4	0.68
415	1	1.00
415	2	0.13
416	1	1.00
416	2	1.00
416	3	1.00
416	4	1.00
416	5	1.00
416	6	1.00
416	7	1.00
416	8	0.74
417	1	1.00
417	2	1.00
417	3	0.42
418	1	1.00
418	2	1.00
418	3	0.23
419	1	1.00
419	2	1.00
419	3	1.00
419	4	0.42
420	1	1.00
420	2	1.00
420	3	1.00
420	4	0.82
421	1	1.00
421	2	1.00
421	3	1.00
421	4	1.00
421	5	1.00
421	6	0.72
422	1	1.00
422	2	1.00
422	3	1.00
422	4	1.00
422	5	1.00
422	6	1.00
422	7	0.77
423	1	1.00
423	2	1.00
423	3	0.38
424	1	1.00
424	2	1.00
424	3	1.00
424	4	0.36
425	1	1.00
425	2	1.00
425	3	1.00
425	4	1.00
425	5	1.00
425	6	1.00
425	7	0.57
426	1	1.00
426	2	1.00
426	3	1.00
426	4	0.18
427	1	1.00
427	2	1.00
427	3	1.00
427	4	1.00
427	5	1.00
427	6	1.00
427	7	1.00
427	8	1.00
427	9	0.32
428	1	1.00
428	2	1.00
428	3	0.13
429	1	1.00
429	2	1.00
429	3	1.00
429	4	0.20
430	1	1.00
430	2	1.00
430	3	1.00
430	4	1.00
430	5	0.30
431	1	1.00
431	2	1.00
431	3	1.00
431	4	1.00
431	5	0.31
432	1	1.00
432	2	1.00
432	3	1.00
432	4	1.00
432	5	1.00
432	6	1.00
432	7	1.00
432	8	1.00
432	9	0.52
433	1	1.00
433	2	1.00
433	3	1.00
433	4	1.00
433	5	0.44
434	1	1.00
434	2	0.26
435	1	1.00
435	2	1.00
435	3	1.00
435	4	1.00
435	5	1.00
435	6	1.00
435	7	1.00
435	8	0.73
436	1	1.00
436	2	1.00
436	3	1.00
436	4	1.00
436	5	0.04
437	1	1.00
437	2	1.00
437	3	1.00
437	4	1.00
437	5	1.00
437	6	1.00
437	7	1.00
437	8	1.00
437	9	1.00
437	10	0.69
438	1	1.00
438	2	0.79
439	1	1.00
439	2	1.00
439	3	1.00
439	4	1.00
439	5	1.00
439	6	0.76
440	1	1.00
440	2	0.11
441	1	1.00
441	2	1.00
441	3	1.00
441	4	1.00
441	5	1.00
441	6	0.66
442	1	1.00
442	2	1.00
442	3	1.00
442	4	1.00
442	5	0.67
443	1	1.00
443	2	1.00
443	3	0.74
444	1	1.00
444	2	1.00
444	3	1.00
444	4	0.57
445	1	1.00
445	2	1.00
445	3	1.00
445	4	1.00
445	5	1.00
445	6	1.00
445	7	1.00
445	8	0.04
446	1	1.00
446	2	1.00
446	3	1.00
446	4	1.00
446	5	1.00
446	6	0.94
447	1	1.00
447	2	0.59
448	1	1.00
448	2	1.00
448	3	1.00
448	4	1.00
448	5	1.00
448	6	1.00
448	7	0.26
449	1	1.00
449	2	1.00
449	3	1.00
449	4	0.19
450	1	1.00
450	2	1.00
450	3	1.00
450	4	1.00
450	5	1.00
450	6	1.00
450	7	1.00
450	8	0.47
451	1	1.00
451	2	1.00
451	3	0.82
452	1	1.00
452	2	0.39
453	1	1.00
453	2	0.47
454	1	1.00
454	2	1.00
454	3	0.36
455	1	1.00
455	2	0.38
456	1	1.00
456	2	1.00
456	3	1.00
456	4	1.00
456	5	1.00
456	6	1.00
456	7	1.00
456	8	1.00
456	9	1.00
456	10	1.00
456	11	0.99
457	1	1.00
457	2	1.00
457	3	1.00
457	4	0.37
458	1	1.00
458	2	1.00
458	3	0.59
459	1	1.00
459	2	0.19
460	1	1.00
460	2	1.00
460	3	1.00
460	4	1.00
460	5	1.00
460	6	1.00
460	7	1.00
460	8	1.00
460	9	1.00
460	10	0.32
461	1	1.00
461	2	1.00
461	3	1.00
461	4	0.11
462	1	1.00
462	2	0.58
463	1	1.00
463	2	1.00
463	3	0.23
464	1	1.00
464	2	1.00
464	3	1.00
464	4	1.00
464	5	1.00
464	6	1.00
464	7	1.00
464	8	1.00
464	9	1.00
464	10	0.00
465	1	1.00
465	2	1.00
465	3	1.00
465	4	0.67
466	1	1.00
466	2	1.00
466	3	1.00
466	4	1.00
466	5	1.00
466	6	1.00
466	7	1.00
466	8	1.00
466	9	0.76
467	1	1.00
467	2	1.00
467	3	1.00
467	4	1.00
467	5	1.00
467	6	0.75
468	1	1.00
468	2	1.00
468	3	0.91
469	1	1.00
469	2	1.00
469	3	1.00
469	4	1.00
469	5	1.00
469	6	1.00
469	7	1.00
469	8	1.00
469	9	1.00
469	10	1.00
469	11	0.68
470	1	1.00
470	2	1.00
470	3	1.00
470	4	1.00
470	5	1.00
470	6	1.00
470	7	1.00
470	8	1.00
470	9	1.00
470	10	0.52
471	1	1.00
471	2	1.00
471	3	1.00
471	4	1.00
471	5	1.00
471	6	0.01
472	1	1.00
472	2	1.00
472	3	1.00
472	4	1.00
472	5	1.00
472	6	1.00
472	7	0.93
473	1	1.00
473	2	0.12
474	1	1.00
474	2	0.54
475	1	1.00
475	2	1.00
475	3	0.17
476	1	1.00
476	2	1.00
476	3	1.00
476	4	1.00
476	5	1.00
476	6	0.56
477	1	1.00
477	2	1.00
477	3	1.00
477	4	1.00
477	5	1.00
477	6	1.00
477	7	1.00
477	8	1.00
477	9	0.04
478	1	1.00
478	2	1.00
478	3	0.42
479	1	1.00
479	2	1.00
479	3	1.00
479	4	1.00
479	5	1.00
479	6	1.00
479	7	1.00
479	8	1.00
479	9	0.31
480	1	1.00
480	2	0.70
481	1	1.00
481	2	1.00
481	3	0.73
482	1	1.00
482	2	0.51
483	1	1.00
483	2	1.00
483	3	0.32
484	1	1.00
484	2	1.00
484	3	1.00
484	4	0.63
485	1	1.00
485	2	0.68
486	1	1.00
486	2	0.55
487	1	1.00
487	2	1.00
487	3	0.95
488	1	1.00
488	2	1.00
488	3	1.00
488	4	1.00
488	5	1.00
488	6	0.42
489	1	1.00
489	2	1.00
489	3	1.00
489	4	1.00
489	5	1.00
489	6	1.00
489	7	0.20
490	1	1.00
490	2	0.65
491	1	1.00
491	2	1.00
491	3	0.66
492	1	1.00
492	2	1.00
492	3	0.57
493	1	1.00
493	2	1.00
493	3	1.00
493	4	1.00
493	5	0.30
494	1	1.00
494	2	1.00
494	3	1.00
494	4	0.55
495	1	1.00
495	2	1.00
495	3	1.00
495	4	1.00
495	5	1.00
495	6	1.00
495	7	0.97
496	1	1.00
496	2	1.00
496	3	1.00
496	4	1.00
496	5	1.00
496	6	1.00
496	7	1.00
496	8	0.83
497	1	1.00
497	2	1.00
497	3	1.00
497	4	1.00
497	5	1.00
497	6	1.00
497	7	1.00
497	8	0.05
498	1	1.00
498	2	1.00
498	3	1.00
498	4	1.00
498	5	1.00
498	6	0.93
499	1	1.00
499	2	1.00
499	3	1.00
499	4	1.00
499	5	1.00
499	6	0.90
500	1	1.00
500	2	1.00
500	3	1.00
500	4	1.00
500	5	0.35
501	1	1.00
501	2	1.00
501	3	1.00
501	4	1.00
501	5	0.61
502	1	1.00
502	2	0.56
503	1	1.00
503	2	1.00
503	3	1.00
503	4	1.00
503	5	1.00
503	6	1.00
503	7	1.00
503	8	1.00
503	9	0.85
504	1	1.00
504	2	1.00
504	3	1.00
504	4	1.00
504	5	1.00
504	6	1.00
504	7	1.00
504	8	1.00
504	9	1.00
504	10	0.92
505	1	1.00
505	2	1.00
505	3	1.00
505	4	1.00
505	5	1.00
505	6	1.00
505	7	1.00
505	8	1.00
505	9	0.86
506	1	1.00
506	2	1.00
506	3	1.00
506	4	1.00
506	5	1.00
506	6	1.00
506	7	0.46
507	1	1.00
507	2	1.00
507	3	0.16
508	1	1.00
508	2	1.00
508	3	0.92
509	1	1.00
509	2	1.00
509	3	1.00
509	4	0.47
510	1	1.00
510	2	1.00
510	3	1.00
510	4	1.00
510	5	0.56
511	1	1.00
511	2	1.00
511	3	1.00
511	4	0.14
512	1	1.00
512	2	1.00
512	3	1.00
512	4	0.37
513	1	1.00
513	2	1.00
513	3	0.49
514	1	1.00
514	2	1.00
514	3	1.00
514	4	1.00
514	5	1.00
514	6	1.00
514	7	1.00
514	8	1.00
514	9	1.00
514	10	0.26
515	1	1.00
515	2	1.00
515	3	1.00
515	4	1.00
515	5	1.00
515	6	1.00
515	7	0.43
516	1	1.00
516	2	1.00
516	3	1.00
516	4	0.96
517	1	1.00
517	2	1.00
517	3	1.00
517	4	1.00
517	5	1.00
517	6	1.00
517	7	1.00
517	8	1.00
517	9	0.57
518	1	1.00
518	2	1.00
518	3	1.00
518	4	1.00
518	5	1.00
518	6	1.00
518	7	1.00
518	8	1.00
518	9	1.00
518	10	0.40
519	1	1.00
519	2	1.00
519	3	1.00
519	4	1.00
519	5	1.00
519	6	1.00
519	7	1.00
519	8	0.24
520	1	1.00
520	2	1.00
520	3	0.14
521	1	1.00
521	2	1.00
521	3	1.00
521	4	0.98
522	1	1.00
522	2	1.00
522	3	1.00
522	4	1.00
522	5	1.00
522	6	0.89
523	1	1.00
523	2	1.00
523	3	1.00
523	4	1.00
523	5	1.00
523	6	0.93
524	1	1.00
524	2	1.00
524	3	1.00
524	4	0.32
525	1	1.00
525	2	1.00
525	3	1.00
525	4	1.00
525	5	1.00
525	6	1.00
525	7	1.00
525	8	1.00
525	9	1.00
525	10	1.00
525	11	0.47
526	1	1.00
526	2	1.00
526	3	1.00
526	4	1.00
526	5	0.41
527	1	1.00
527	2	1.00
527	3	1.00
527	4	1.00
527	5	1.00
527	6	0.34
528	1	1.00
528	2	1.00
528	3	1.00
528	4	0.73
529	1	1.00
529	2	1.00
529	3	1.00
529	4	0.65
530	1	1.00
530	2	1.00
530	3	0.32
531	1	1.00
531	2	1.00
531	3	1.00
531	4	0.90
532	1	1.00
532	2	1.00
532	3	1.00
532	4	1.00
532	5	1.00
532	6	1.00
532	7	1.00
532	8	1.00
532	9	1.00
532	10	1.00
532	11	0.14
533	1	1.00
533	2	1.00
533	3	1.00
533	4	1.00
533	5	1.00
533	6	1.00
533	7	0.62
534	1	1.00
534	2	1.00
534	3	1.00
534	4	1.00
534	5	1.00
534	6	0.09
535	1	1.00
535	2	1.00
535	3	1.00
535	4	1.00
535	5	1.00
535	6	1.00
535	7	1.00
535	8	1.00
535	9	0.59
536	1	1.00
536	2	1.00
536	3	1.00
536	4	0.92
537	1	1.00
537	2	1.00
537	3	1.00
537	4	1.00
537	5	1.00
537	6	1.00
537	7	1.00
537	8	0.81
538	1	1.00
538	2	1.00
538	3	1.00
538	4	1.00
538	5	1.00
538	6	1.00
538	7	1.00
538	8	1.00
538	9	1.00
538	10	0.38
539	1	1.00
539	2	1.00
539	3	1.00
539	4	0.26
540	1	1.00
540	2	1.00
540	3	0.99
541	1	1.00
541	2	1.00
541	3	1.00
541	4	0.78
542	1	1.00
542	2	1.00
542	3	1.00
542	4	1.00
542	5	1.00
542	6	1.00
542	7	0.78
543	1	1.00
543	2	1.00
543	3	1.00
543	4	0.81
544	1	1.00
544	2	1.00
544	3	1.00
544	4	1.00
544	5	0.93
545	1	1.00
545	2	1.00
545	3	0.85
546	1	1.00
546	2	1.00
546	3	1.00
546	4	1.00
546	5	1.00
546	6	1.00
546	7	1.00
546	8	1.00
546	9	0.56
547	1	1.00
547	2	1.00
547	3	1.00
547	4	1.00
547	5	1.00
547	6	1.00
547	7	1.00
547	8	1.00
547	9	0.34
548	1	1.00
548	2	0.81
549	1	1.00
549	2	1.00
549	3	1.00
549	4	1.00
549	5	0.96
550	1	1.00
550	2	0.39
551	1	1.00
551	2	1.00
551	3	0.70
552	1	1.00
552	2	1.00
552	3	1.00
552	4	1.00
552	5	1.00
552	6	1.00
552	7	1.00
552	8	0.39
553	1	1.00
553	2	1.00
553	3	1.00
553	4	1.00
553	5	1.00
553	6	0.73
554	1	1.00
554	2	1.00
554	3	0.90
555	1	1.00
555	2	1.00
555	3	1.00
555	4	1.00
555	5	0.70
556	1	1.00
556	2	1.00
556	3	1.00
556	4	1.00
556	5	1.00
556	6	0.41
557	1	1.00
557	2	1.00
557	3	1.00
557	4	1.00
557	5	1.00
557	6	1.00
557	7	1.00
557	8	1.00
557	9	0.89
558	1	1.00
558	2	1.00
558	3	1.00
558	4	1.00
558	5	1.00
558	6	1.00
558	7	1.00
558	8	0.91
559	1	1.00
559	2	1.00
559	3	1.00
559	4	1.00
559	5	0.38
560	1	1.00
560	2	1.00
560	3	1.00
560	4	1.00
560	5	0.04
561	1	1.00
561	2	1.00
561	3	1.00
561	4	1.00
561	5	0.08
562	1	1.00
562	2	1.00
562	3	1.00
562	4	1.00
562	5	1.00
562	6	1.00
562	7	0.79
563	1	1.00
563	2	1.00
563	3	1.00
563	4	1.00
563	5	1.00
563	6	1.00
563	7	1.00
563	8	0.09
564	1	1.00
564	2	1.00
564	3	1.00
564	4	0.52
565	1	1.00
565	2	1.00
565	3	1.00
565	4	1.00
565	5	1.00
565	6	1.00
565	7	1.00
565	8	1.00
565	9	1.00
565	10	1.00
565	11	0.19
566	1	1.00
566	2	1.00
566	3	0.52
567	1	1.00
567	2	1.00
567	3	1.00
567	4	0.58
568	1	1.00
568	2	1.00
568	3	1.00
568	4	1.00
568	5	1.00
568	6	1.00
568	7	0.95
569	1	1.00
569	2	1.00
569	3	1.00
569	4	1.00
569	5	1.00
569	6	1.00
569	7	1.00
569	8	1.00
569	9	0.39
570	1	1.00
570	2	1.00
570	3	1.00
570	4	1.00
570	5	1.00
570	6	1.00
570	7	1.00
570	8	1.00
570	9	0.93
571	1	1.00
571	2	1.00
571	3	1.00
571	4	1.00
571	5	0.92
572	1	1.00
572	2	1.00
572	3	0.07
573	1	1.00
573	2	1.00
573	3	1.00
573	4	1.00
573	5	1.00
573	6	1.00
573	7	0.76
574	1	1.00
574	2	1.00
574	3	1.00
574	4	0.70
575	1	1.00
575	2	1.00
575	3	1.00
575	4	1.00
575	5	0.99
576	1	1.00
576	2	0.56
577	1	1.00
577	2	1.00
577	3	1.00
577	4	1.00
577	5	0.11
578	1	1.00
578	2	1.00
578	3	1.00
578	4	1.00
578	5	1.00
578	6	1.00
578	7	1.00
578	8	0.26
579	1	1.00
579	2	1.00
579	3	1.00
579	4	0.32
580	1	1.00
580	2	1.00
580	3	1.00
580	4	1.00
580	5	1.00
580	6	1.00
580	7	1.00
580	8	0.79
581	1	1.00
581	2	1.00
581	3	1.00
581	4	1.00
581	5	1.00
581	6	1.00
581	7	1.00
581	8	1.00
581	9	1.00
581	10	1.00
581	11	0.48
582	1	1.00
582	2	0.66
583	1	1.00
583	2	1.00
583	3	1.00
583	4	1.00
583	5	0.97
584	1	1.00
584	2	1.00
584	3	0.07
585	1	1.00
585	2	1.00
585	3	0.74
586	1	1.00
586	2	1.00
586	3	1.00
586	4	1.00
586	5	0.18
587	1	1.00
587	2	1.00
587	3	1.00
587	4	0.60
588	1	1.00
588	2	1.00
588	3	1.00
588	4	1.00
588	5	1.00
588	6	0.76
589	1	1.00
589	2	0.33
590	1	1.00
590	2	1.00
590	3	1.00
590	4	1.00
590	5	1.00
590	6	0.18
591	1	1.00
591	2	1.00
591	3	1.00
591	4	1.00
591	5	1.00
591	6	0.51
592	1	1.00
592	2	1.00
592	3	1.00
592	4	0.47
593	1	1.00
593	2	1.00
593	3	1.00
593	4	1.00
593	5	1.00
593	6	1.00
593	7	1.00
593	8	1.00
593	9	0.92
594	1	1.00
594	2	1.00
594	3	1.00
594	4	0.47
595	1	1.00
595	2	1.00
595	3	1.00
595	4	1.00
595	5	1.00
595	6	1.00
595	7	1.00
595	8	1.00
595	9	0.70
596	1	1.00
596	2	1.00
596	3	1.00
596	4	1.00
596	5	1.00
596	6	1.00
596	7	1.00
596	8	1.00
596	9	1.00
596	10	0.43
597	1	1.00
597	2	1.00
597	3	1.00
597	4	1.00
597	5	1.00
597	6	0.07
598	1	1.00
598	2	1.00
598	3	0.70
599	1	1.00
599	2	0.22
600	1	1.00
600	2	1.00
600	3	1.00
600	4	0.49
601	1	1.00
601	2	1.00
601	3	1.00
601	4	1.00
601	5	1.00
601	6	0.25
602	1	1.00
602	2	1.00
602	3	0.44
603	1	1.00
603	2	1.00
603	3	1.00
603	4	0.84
604	1	1.00
604	2	1.00
604	3	1.00
604	4	0.83
605	1	1.00
605	2	1.00
605	3	1.00
605	4	1.00
605	5	1.00
605	6	1.00
605	7	1.00
605	8	1.00
605	9	0.12
606	1	1.00
606	2	1.00
606	3	1.00
606	4	1.00
606	5	1.00
606	6	0.37
607	1	1.00
607	2	1.00
607	3	1.00
607	4	1.00
607	5	1.00
607	6	1.00
607	7	1.00
607	8	1.00
607	9	1.00
607	10	1.00
607	11	0.81
608	1	1.00
608	2	1.00
608	3	1.00
608	4	1.00
608	5	0.68
609	1	1.00
609	2	0.80
610	1	1.00
610	2	1.00
610	3	1.00
610	4	0.41
611	1	1.00
611	2	1.00
611	3	1.00
611	4	1.00
611	5	0.92
612	1	1.00
612	2	1.00
612	3	1.00
612	4	1.00
612	5	1.00
612	6	1.00
612	7	1.00
612	8	1.00
612	9	0.75
613	1	1.00
613	2	0.94
614	1	1.00
614	2	1.00
614	3	1.00
614	4	0.71
615	1	1.00
615	2	1.00
615	3	1.00
615	4	1.00
615	5	1.00
615	6	1.00
615	7	1.00
615	8	0.91
616	1	1.00
616	2	1.00
616	3	1.00
616	4	1.00
616	5	0.55
617	1	1.00
617	2	1.00
617	3	1.00
617	4	1.00
617	5	1.00
617	6	1.00
617	7	0.82
618	1	1.00
618	2	1.00
618	3	1.00
618	4	1.00
618	5	1.00
618	6	0.85
619	1	1.00
619	2	1.00
619	3	1.00
619	4	1.00
619	5	1.00
619	6	1.00
619	7	0.98
620	1	1.00
620	2	1.00
620	3	1.00
620	4	1.00
620	5	1.00
620	6	1.00
620	7	1.00
620	8	1.00
620	9	1.00
620	10	1.00
620	11	0.37
621	1	1.00
621	2	1.00
621	3	1.00
621	4	1.00
621	5	0.72
622	1	1.00
622	2	1.00
622	3	1.00
622	4	0.86
623	1	1.00
623	2	1.00
623	3	1.00
623	4	1.00
623	5	1.00
623	6	1.00
623	7	1.00
623	8	1.00
623	9	1.00
623	10	0.61
624	1	1.00
624	2	1.00
624	3	1.00
624	4	0.37
625	1	1.00
625	2	1.00
625	3	1.00
625	4	1.00
625	5	1.00
625	6	1.00
625	7	1.00
625	8	1.00
625	9	1.00
625	10	1.00
625	11	0.10
626	1	1.00
626	2	0.82
627	1	1.00
627	2	1.00
627	3	1.00
627	4	0.32
628	1	1.00
628	2	1.00
628	3	1.00
628	4	0.81
629	1	1.00
629	2	1.00
629	3	1.00
629	4	1.00
629	5	0.91
630	1	1.00
630	2	1.00
630	3	1.00
630	4	1.00
630	5	1.00
630	6	1.00
630	7	1.00
630	8	0.55
631	1	1.00
631	2	1.00
631	3	1.00
631	4	1.00
631	5	1.00
631	6	1.00
631	7	1.00
631	8	1.00
631	9	0.48
632	1	1.00
632	2	1.00
632	3	1.00
632	4	1.00
632	5	1.00
632	6	1.00
632	7	1.00
632	8	1.00
632	9	0.28
633	1	1.00
633	2	1.00
633	3	0.60
634	1	1.00
634	2	0.29
635	1	1.00
635	2	1.00
635	3	1.00
635	4	1.00
635	5	1.00
635	6	1.00
635	7	1.00
635	8	1.00
635	9	0.41
636	1	1.00
636	2	0.73
637	1	1.00
637	2	1.00
637	3	1.00
637	4	1.00
637	5	1.00
637	6	1.00
637	7	1.00
637	8	1.00
637	9	1.00
637	10	1.00
637	11	0.15
638	1	1.00
638	2	1.00
638	3	1.00
638	4	1.00
638	5	1.00
638	6	1.00
638	7	1.00
638	8	1.00
638	9	1.00
638	10	0.72
639	1	1.00
639	2	1.00
639	3	0.31
640	1	1.00
640	2	1.00
640	3	1.00
640	4	0.75
641	1	1.00
641	2	1.00
641	3	1.00
641	4	0.41
642	1	1.00
642	2	1.00
642	3	1.00
642	4	1.00
642	5	1.00
642	6	1.00
642	7	1.00
642	8	0.62
643	1	1.00
643	2	1.00
643	3	1.00
643	4	1.00
643	5	1.00
643	6	1.00
643	7	1.00
643	8	0.84
644	1	1.00
644	2	1.00
644	3	1.00
644	4	1.00
644	5	1.00
644	6	1.00
644	7	1.00
644	8	1.00
644	9	0.15
645	1	1.00
645	2	1.00
645	3	1.00
645	4	1.00
645	5	1.00
645	6	0.86
646	1	1.00
646	2	0.55
647	1	1.00
647	2	1.00
647	3	1.00
647	4	1.00
647	5	1.00
647	6	1.00
647	7	1.00
647	8	1.00
647	9	1.00
647	10	0.44
648	1	1.00
648	2	1.00
648	3	1.00
648	4	1.00
648	5	1.00
648	6	0.19
649	1	1.00
649	2	1.00
649	3	1.00
649	4	1.00
649	5	1.00
649	6	1.00
649	7	1.00
649	8	0.48
650	1	1.00
650	2	1.00
650	3	1.00
650	4	1.00
650	5	1.00
650	6	1.00
650	7	1.00
650	8	1.00
650	9	1.00
650	10	1.00
650	11	0.52
651	1	1.00
651	2	1.00
651	3	1.00
651	4	1.00
651	5	1.00
651	6	1.00
651	7	0.21
652	1	1.00
652	2	1.00
652	3	1.00
652	4	1.00
652	5	1.00
652	6	1.00
652	7	0.16
653	1	1.00
653	2	1.00
653	3	1.00
653	4	0.35
654	1	1.00
654	2	1.00
654	3	0.38
655	1	1.00
655	2	1.00
655	3	1.00
655	4	1.00
655	5	1.00
655	6	1.00
655	7	0.22
656	1	1.00
656	2	0.39
657	1	1.00
657	2	1.00
657	3	1.00
657	4	0.56
658	1	1.00
658	2	1.00
658	3	1.00
658	4	1.00
658	5	0.18
659	1	1.00
659	2	1.00
659	3	1.00
659	4	1.00
659	5	0.73
660	1	1.00
660	2	1.00
660	3	0.20
661	1	1.00
661	2	1.00
661	3	1.00
661	4	1.00
661	5	0.70
662	1	1.00
662	2	1.00
662	3	1.00
662	4	1.00
662	5	1.00
662	6	1.00
662	7	1.00
662	8	1.00
662	9	0.88
663	1	1.00
663	2	1.00
663	3	1.00
663	4	1.00
663	5	1.00
663	6	1.00
663	7	1.00
663	8	0.80
664	1	1.00
664	2	1.00
664	3	0.27
665	1	1.00
665	2	1.00
665	3	1.00
665	4	1.00
665	5	1.00
665	6	1.00
665	7	1.00
665	8	1.00
665	9	1.00
665	10	1.00
665	11	0.47
666	1	1.00
666	2	1.00
666	3	1.00
666	4	1.00
666	5	1.00
666	6	1.00
666	7	1.00
666	8	1.00
666	9	1.00
666	10	1.00
666	11	0.47
667	1	1.00
667	2	1.00
667	3	1.00
667	4	1.00
667	5	1.00
667	6	1.00
667	7	0.45
668	1	1.00
668	2	0.27
669	1	1.00
669	2	1.00
669	3	1.00
669	4	1.00
669	5	1.00
669	6	1.00
669	7	1.00
669	8	1.00
669	9	1.00
669	10	1.00
669	11	0.83
670	1	1.00
670	2	1.00
670	3	0.37
671	1	1.00
671	2	1.00
671	3	1.00
671	4	1.00
671	5	0.80
672	1	1.00
672	2	1.00
672	3	1.00
672	4	1.00
672	5	1.00
672	6	1.00
672	7	1.00
672	8	1.00
672	9	0.55
673	1	1.00
673	2	1.00
673	3	1.00
673	4	1.00
673	5	0.65
674	1	1.00
674	2	1.00
674	3	1.00
674	4	1.00
674	5	1.00
674	6	1.00
674	7	1.00
674	8	0.77
675	1	1.00
675	2	1.00
675	3	1.00
675	4	1.00
675	5	1.00
675	6	0.56
676	1	1.00
676	2	1.00
676	3	1.00
676	4	0.58
677	1	1.00
677	2	0.08
678	1	1.00
678	2	1.00
678	3	0.08
679	1	1.00
679	2	1.00
679	3	0.26
680	1	1.00
680	2	1.00
680	3	1.00
680	4	0.96
681	1	1.00
681	2	0.87
682	1	1.00
682	2	1.00
682	3	1.00
682	4	1.00
682	5	1.00
682	6	1.00
682	7	1.00
682	8	0.34
683	1	1.00
683	2	1.00
683	3	1.00
683	4	1.00
683	5	1.00
683	6	1.00
683	7	1.00
683	8	1.00
683	9	1.00
683	10	0.79
684	1	1.00
684	2	1.00
684	3	1.00
684	4	0.40
685	1	1.00
685	2	1.00
685	3	1.00
685	4	1.00
685	5	1.00
685	6	1.00
685	7	0.52
686	1	1.00
686	2	1.00
686	3	1.00
686	4	1.00
686	5	1.00
686	6	1.00
686	7	1.00
686	8	1.00
686	9	0.18
687	1	1.00
687	2	1.00
687	3	1.00
687	4	1.00
687	5	1.00
687	6	1.00
687	7	1.00
687	8	1.00
687	9	1.00
687	10	1.00
687	11	0.42
688	1	1.00
688	2	1.00
688	3	1.00
688	4	0.68
689	1	1.00
689	2	1.00
689	3	0.52
690	1	1.00
690	2	1.00
690	3	1.00
690	4	1.00
690	5	1.00
690	6	0.57
691	1	1.00
691	2	1.00
691	3	0.70
692	1	1.00
692	2	1.00
692	3	0.23
693	1	1.00
693	2	1.00
693	3	1.00
693	4	1.00
693	5	0.89
694	1	1.00
694	2	0.97
695	1	1.00
695	2	1.00
695	3	0.86
696	1	1.00
696	2	1.00
696	3	0.31
697	1	1.00
697	2	1.00
697	3	1.00
697	4	1.00
697	5	1.00
697	6	1.00
697	7	1.00
697	8	1.00
697	9	1.00
697	10	0.67
698	1	1.00
698	2	1.00
698	3	0.58
699	1	1.00
699	2	1.00
699	3	1.00
699	4	1.00
699	5	1.00
699	6	1.00
699	7	1.00
699	8	1.00
699	9	1.00
699	10	1.00
699	11	0.49
700	1	1.00
700	2	1.00
700	3	1.00
700	4	1.00
700	5	1.00
700	6	1.00
700	7	1.00
700	8	1.00
700	9	1.00
700	10	1.00
700	11	0.70
701	1	1.00
701	2	1.00
701	3	0.46
702	1	1.00
702	2	1.00
702	3	1.00
702	4	1.00
702	5	0.05
703	1	1.00
703	2	1.00
703	3	1.00
703	4	1.00
703	5	0.95
704	1	1.00
704	2	1.00
704	3	1.00
704	4	0.24
705	1	1.00
705	2	1.00
705	3	1.00
705	4	1.00
705	5	1.00
705	6	1.00
705	7	1.00
705	8	1.00
705	9	1.00
705	10	1.00
705	11	0.28
706	1	1.00
706	2	1.00
706	3	1.00
706	4	1.00
706	5	0.67
707	1	1.00
707	2	1.00
707	3	0.99
708	1	1.00
708	2	1.00
708	3	1.00
708	4	1.00
708	5	1.00
708	6	0.22
709	1	1.00
709	2	1.00
709	3	0.30
710	1	1.00
710	2	1.00
710	3	1.00
710	4	1.00
710	5	1.00
710	6	1.00
710	7	1.00
710	8	1.00
710	9	1.00
710	10	0.64
711	1	1.00
711	2	1.00
711	3	1.00
711	4	0.32
712	1	1.00
712	2	1.00
712	3	1.00
712	4	0.10
713	1	1.00
713	2	1.00
713	3	0.29
714	1	1.00
714	2	1.00
714	3	1.00
714	4	0.87
715	1	1.00
715	2	0.78
716	1	1.00
716	2	1.00
716	3	1.00
716	4	0.89
717	1	1.00
717	2	1.00
717	3	1.00
717	4	1.00
717	5	1.00
717	6	1.00
717	7	1.00
717	8	1.00
717	9	1.00
717	10	0.36
718	1	1.00
718	2	1.00
718	3	1.00
718	4	1.00
718	5	1.00
718	6	1.00
718	7	0.06
719	1	1.00
719	2	1.00
719	3	0.76
720	1	1.00
720	2	1.00
720	3	1.00
720	4	1.00
720	5	1.00
720	6	1.00
720	7	1.00
720	8	0.53
721	1	1.00
721	2	1.00
721	3	0.07
722	1	1.00
722	2	1.00
722	3	1.00
722	4	1.00
722	5	1.00
722	6	0.09
723	1	1.00
723	2	1.00
723	3	1.00
723	4	1.00
723	5	1.00
723	6	1.00
723	7	1.00
723	8	1.00
723	9	0.78
724	1	1.00
724	2	1.00
724	3	1.00
724	4	1.00
724	5	0.20
725	1	1.00
725	2	0.50
726	1	1.00
726	2	1.00
726	3	1.00
726	4	1.00
726	5	1.00
726	6	1.00
726	7	1.00
726	8	0.21
727	1	1.00
727	2	0.50
728	1	1.00
728	2	1.00
728	3	1.00
728	4	1.00
728	5	1.00
728	6	1.00
728	7	0.42
729	1	1.00
729	2	1.00
729	3	1.00
729	4	1.00
729	5	1.00
729	6	1.00
729	7	0.88
730	1	1.00
730	2	0.26
731	1	1.00
731	2	1.00
731	3	0.48
732	1	1.00
732	2	1.00
732	3	0.43
733	1	1.00
733	2	1.00
733	3	1.00
733	4	1.00
733	5	1.00
733	6	1.00
733	7	1.00
733	8	0.08
734	1	1.00
734	2	1.00
734	3	1.00
734	4	1.00
734	5	1.00
734	6	1.00
734	7	0.88
735	1	1.00
735	2	1.00
735	3	1.00
735	4	0.48
736	1	1.00
736	2	1.00
736	3	1.00
736	4	1.00
736	5	1.00
736	6	1.00
736	7	1.00
736	8	0.18
737	1	1.00
737	2	1.00
737	3	1.00
737	4	0.11
738	1	1.00
738	2	1.00
738	3	0.06
739	1	1.00
739	2	1.00
739	3	1.00
739	4	0.49
740	1	1.00
740	2	1.00
740	3	1.00
740	4	1.00
740	5	1.00
740	6	1.00
740	7	1.00
740	8	1.00
740	9	1.00
740	10	1.00
740	11	0.57
741	1	1.00
741	2	0.39
742	1	1.00
742	2	1.00
742	3	1.00
742	4	1.00
742	5	1.00
742	6	1.00
742	7	1.00
742	8	1.00
742	9	0.94
743	1	1.00
743	2	1.00
743	3	1.00
743	4	1.00
743	5	1.00
743	6	0.75
744	1	1.00
744	2	1.00
744	3	1.00
744	4	1.00
744	5	1.00
744	6	1.00
744	7	1.00
744	8	0.60
745	1	1.00
745	2	1.00
745	3	1.00
745	4	1.00
745	5	1.00
745	6	1.00
745	7	0.82
746	1	1.00
746	2	1.00
746	3	1.00
746	4	1.00
746	5	1.00
746	6	1.00
746	7	1.00
746	8	1.00
746	9	1.00
746	10	1.00
746	11	0.38
747	1	1.00
747	2	1.00
747	3	1.00
747	4	1.00
747	5	1.00
747	6	1.00
747	7	1.00
747	8	1.00
747	9	0.61
748	1	1.00
748	2	1.00
748	3	1.00
748	4	1.00
748	5	1.00
748	6	1.00
748	7	1.00
748	8	0.14
749	1	1.00
749	2	1.00
749	3	1.00
749	4	1.00
749	5	1.00
749	6	1.00
749	7	1.00
749	8	1.00
749	9	1.00
749	10	0.41
750	1	1.00
750	2	0.97
751	1	1.00
751	2	1.00
751	3	0.61
752	1	1.00
752	2	1.00
752	3	1.00
752	4	0.42
753	1	1.00
753	2	1.00
753	3	1.00
753	4	0.34
754	1	1.00
754	2	1.00
754	3	0.28
755	1	1.00
755	2	1.00
755	3	1.00
755	4	1.00
755	5	1.00
755	6	1.00
755	7	0.50
756	1	1.00
756	2	1.00
756	3	0.92
757	1	1.00
757	2	1.00
757	3	1.00
757	4	1.00
757	5	1.00
757	6	1.00
757	7	1.00
757	8	1.00
757	9	1.00
757	10	0.18
758	1	1.00
758	2	0.21
759	1	1.00
759	2	1.00
759	3	0.48
760	1	1.00
760	2	1.00
760	3	1.00
760	4	1.00
760	5	1.00
760	6	1.00
760	7	1.00
760	8	1.00
760	9	0.72
761	1	1.00
761	2	1.00
761	3	1.00
761	4	1.00
761	5	1.00
761	6	1.00
761	7	1.00
761	8	0.63
762	1	1.00
762	2	1.00
762	3	0.22
763	1	1.00
763	2	1.00
763	3	1.00
763	4	0.68
764	1	1.00
764	2	1.00
764	3	0.95
765	1	1.00
765	2	1.00
765	3	1.00
765	4	0.66
766	1	1.00
766	2	1.00
766	3	1.00
766	4	0.16
767	1	1.00
767	2	1.00
767	3	1.00
767	4	1.00
767	5	0.32
768	1	1.00
768	2	1.00
768	3	1.00
768	4	1.00
768	5	1.00
768	6	1.00
768	7	1.00
768	8	1.00
768	9	1.00
768	10	0.14
769	1	1.00
769	2	0.36
770	1	1.00
770	2	1.00
770	3	1.00
770	4	1.00
770	5	1.00
770	6	0.42
771	1	1.00
771	2	1.00
771	3	1.00
771	4	1.00
771	5	1.00
771	6	1.00
771	7	1.00
771	8	1.00
771	9	0.59
772	1	1.00
772	2	0.75
773	1	1.00
773	2	1.00
773	3	1.00
773	4	1.00
773	5	1.00
773	6	1.00
773	7	0.61
774	1	1.00
774	2	1.00
774	3	1.00
774	4	1.00
774	5	1.00
774	6	1.00
774	7	0.08
775	1	1.00
775	2	1.00
775	3	1.00
775	4	1.00
775	5	1.00
775	6	1.00
775	7	1.00
775	8	1.00
775	9	1.00
775	10	1.00
775	11	0.58
776	1	1.00
776	2	1.00
776	3	1.00
776	4	0.32
777	1	1.00
777	2	1.00
777	3	1.00
777	4	1.00
777	5	1.00
777	6	1.00
777	7	1.00
777	8	1.00
777	9	1.00
777	10	1.00
777	11	0.14
778	1	1.00
778	2	1.00
778	3	1.00
778	4	1.00
778	5	0.37
779	1	1.00
779	2	1.00
779	3	1.00
779	4	0.34
780	1	1.00
780	2	1.00
780	3	0.25
781	1	1.00
781	2	1.00
781	3	1.00
781	4	1.00
781	5	1.00
781	6	1.00
781	7	1.00
781	8	1.00
781	9	1.00
781	10	1.00
781	11	0.91
782	1	1.00
782	2	1.00
782	3	1.00
782	4	1.00
782	5	0.73
783	1	1.00
783	2	1.00
783	3	0.42
784	1	1.00
784	2	1.00
784	3	1.00
784	4	1.00
784	5	1.00
784	6	1.00
784	7	1.00
784	8	0.56
785	1	1.00
785	2	1.00
785	3	1.00
785	4	0.83
786	1	1.00
786	2	1.00
786	3	1.00
786	4	1.00
786	5	0.12
787	1	1.00
787	2	1.00
787	3	1.00
787	4	0.41
788	1	1.00
788	2	1.00
788	3	0.05
789	1	1.00
789	2	1.00
789	3	1.00
789	4	1.00
789	5	1.00
789	6	0.55
790	1	1.00
790	2	1.00
790	3	1.00
790	4	0.75
791	1	1.00
791	2	1.00
791	3	1.00
791	4	1.00
791	5	1.00
791	6	1.00
791	7	1.00
791	8	1.00
791	9	1.00
791	10	1.00
791	11	0.61
792	1	1.00
792	2	1.00
792	3	1.00
792	4	0.06
793	1	1.00
793	2	1.00
793	3	1.00
793	4	1.00
793	5	1.00
793	6	1.00
793	7	1.00
793	8	0.13
794	1	1.00
794	2	1.00
794	3	1.00
794	4	0.77
795	1	1.00
795	2	1.00
795	3	1.00
795	4	0.68
796	1	1.00
796	2	1.00
796	3	0.55
797	1	1.00
797	2	1.00
797	3	0.57
798	1	1.00
798	2	1.00
798	3	1.00
798	4	1.00
798	5	1.00
798	6	1.00
798	7	1.00
798	8	0.95
799	1	1.00
799	2	1.00
799	3	1.00
799	4	0.57
800	1	1.00
800	2	1.00
800	3	1.00
800	4	0.99
801	1	1.00
801	2	1.00
801	3	1.00
801	4	0.97
802	1	1.00
802	2	1.00
802	3	1.00
802	4	0.38
803	1	1.00
803	2	1.00
803	3	1.00
803	4	1.00
803	5	1.00
803	6	1.00
803	7	1.00
803	8	1.00
803	9	1.00
803	10	1.00
803	11	0.47
804	1	1.00
804	2	1.00
804	3	1.00
804	4	1.00
804	5	1.00
804	6	1.00
804	7	0.13
805	1	1.00
805	2	1.00
805	3	0.07
806	1	1.00
806	2	1.00
806	3	1.00
806	4	0.78
807	1	1.00
807	2	1.00
807	3	0.81
808	1	1.00
808	2	0.60
809	1	1.00
809	2	0.79
810	1	1.00
810	2	1.00
810	3	1.00
810	4	0.17
811	1	1.00
811	2	0.90
812	1	1.00
812	2	1.00
812	3	1.00
812	4	1.00
812	5	1.00
812	6	1.00
812	7	1.00
812	8	0.70
813	1	1.00
813	2	1.00
813	3	1.00
813	4	1.00
813	5	1.00
813	6	0.71
814	1	1.00
814	2	1.00
814	3	1.00
814	4	1.00
814	5	1.00
814	6	1.00
814	7	1.00
814	8	0.06
815	1	1.00
815	2	0.69
816	1	1.00
816	2	1.00
816	3	0.24
817	1	1.00
817	2	1.00
817	3	1.00
817	4	0.21
818	1	1.00
818	2	1.00
818	3	1.00
818	4	1.00
818	5	1.00
818	6	1.00
818	7	1.00
818	8	0.48
819	1	1.00
819	2	1.00
819	3	1.00
819	4	0.62
820	1	1.00
820	2	1.00
820	3	1.00
820	4	1.00
820	5	1.00
820	6	1.00
820	7	0.10
821	1	1.00
821	2	1.00
821	3	1.00
821	4	0.16
822	1	1.00
822	2	1.00
822	3	1.00
822	4	1.00
822	5	0.75
823	1	1.00
823	2	1.00
823	3	1.00
823	4	1.00
823	5	1.00
823	6	1.00
823	7	0.45
824	1	1.00
824	2	1.00
824	3	1.00
824	4	1.00
824	5	0.65
825	1	1.00
825	2	1.00
825	3	1.00
825	4	1.00
825	5	1.00
825	6	1.00
825	7	1.00
825	8	0.27
826	1	1.00
826	2	1.00
826	3	1.00
826	4	0.04
827	1	1.00
827	2	1.00
827	3	1.00
827	4	0.78
828	1	1.00
828	2	1.00
828	3	1.00
828	4	1.00
828	5	1.00
828	6	0.84
829	1	1.00
829	2	1.00
829	3	1.00
829	4	0.41
830	1	1.00
830	2	1.00
830	3	1.00
830	4	1.00
830	5	1.00
830	6	1.00
830	7	0.64
831	1	1.00
831	2	1.00
831	3	1.00
831	4	1.00
831	5	0.73
832	1	1.00
832	2	1.00
832	3	1.00
832	4	0.70
833	1	1.00
833	2	1.00
833	3	1.00
833	4	0.61
834	1	1.00
834	2	1.00
834	3	1.00
834	4	1.00
834	5	1.00
834	6	0.43
835	1	1.00
835	2	1.00
835	3	1.00
835	4	1.00
835	5	0.45
836	1	1.00
836	2	0.43
837	1	1.00
837	2	1.00
837	3	1.00
837	4	0.05
838	1	1.00
838	2	1.00
838	3	1.00
838	4	1.00
838	5	1.00
838	6	1.00
838	7	1.00
838	8	1.00
838	9	0.79
839	1	1.00
839	2	1.00
839	3	1.00
839	4	0.10
840	1	1.00
840	2	0.32
841	1	1.00
841	2	1.00
841	3	0.94
842	1	1.00
842	2	1.00
842	3	1.00
842	4	1.00
842	5	1.00
842	6	1.00
842	7	1.00
842	8	1.00
842	9	0.48
843	1	1.00
843	2	1.00
843	3	1.00
843	4	0.46
844	1	1.00
844	2	1.00
844	3	1.00
844	4	1.00
844	5	0.90
845	1	1.00
845	2	1.00
845	3	1.00
845	4	1.00
845	5	1.00
845	6	1.00
845	7	1.00
845	8	1.00
845	9	0.78
846	1	1.00
846	2	1.00
846	3	1.00
846	4	1.00
846	5	1.00
846	6	1.00
846	7	1.00
846	8	1.00
846	9	0.73
847	1	1.00
847	2	1.00
847	3	1.00
847	4	0.90
848	1	1.00
848	2	1.00
848	3	1.00
848	4	1.00
848	5	1.00
848	6	1.00
848	7	1.00
848	8	1.00
848	9	0.77
849	1	1.00
849	2	1.00
849	3	1.00
849	4	1.00
849	5	0.60
850	1	1.00
850	2	1.00
850	3	1.00
850	4	0.55
851	1	1.00
851	2	1.00
851	3	1.00
851	4	1.00
851	5	0.19
852	1	1.00
852	2	0.30
853	1	1.00
853	2	1.00
853	3	1.00
853	4	1.00
853	5	1.00
853	6	1.00
853	7	0.40
854	1	1.00
854	2	1.00
854	3	1.00
854	4	1.00
854	5	0.40
855	1	1.00
855	2	1.00
855	3	1.00
855	4	1.00
855	5	1.00
855	6	0.50
856	1	1.00
856	2	1.00
856	3	1.00
856	4	0.01
857	1	1.00
857	2	1.00
857	3	1.00
857	4	1.00
857	5	1.00
857	6	1.00
857	7	1.00
857	8	0.38
858	1	1.00
858	2	1.00
858	3	0.50
859	1	1.00
859	2	1.00
859	3	1.00
859	4	1.00
859	5	1.00
859	6	1.00
859	7	0.31
860	1	1.00
860	2	1.00
860	3	1.00
860	4	1.00
860	5	1.00
860	6	1.00
860	7	1.00
860	8	0.11
861	1	1.00
861	2	1.00
861	3	0.08
862	1	1.00
862	2	1.00
862	3	1.00
862	4	1.00
862	5	1.00
862	6	0.25
863	1	1.00
863	2	1.00
863	3	1.00
863	4	1.00
863	5	1.00
863	6	1.00
863	7	0.72
864	1	1.00
864	2	1.00
864	3	1.00
864	4	1.00
864	5	0.81
865	1	1.00
865	2	1.00
865	3	0.82
866	1	1.00
866	2	1.00
866	3	1.00
866	4	1.00
866	5	1.00
866	6	1.00
866	7	1.00
866	8	1.00
866	9	1.00
866	10	1.00
866	11	0.82
867	1	1.00
867	2	1.00
867	3	1.00
867	4	0.55
868	1	1.00
868	2	0.99
869	1	1.00
869	2	1.00
869	3	1.00
869	4	1.00
869	5	1.00
869	6	1.00
869	7	1.00
869	8	0.90
870	1	1.00
870	2	1.00
870	3	1.00
870	4	1.00
870	5	1.00
870	6	1.00
870	7	1.00
870	8	0.95
871	1	1.00
871	2	1.00
871	3	1.00
871	4	1.00
871	5	0.14
872	1	1.00
872	2	1.00
872	3	0.30
873	1	1.00
873	2	1.00
873	3	1.00
873	4	0.87
874	1	1.00
874	2	0.81
875	1	1.00
875	2	1.00
875	3	1.00
875	4	1.00
875	5	0.77
876	1	1.00
876	2	1.00
876	3	1.00
876	4	1.00
876	5	0.49
877	1	1.00
877	2	1.00
877	3	1.00
877	4	1.00
877	5	1.00
877	6	0.15
878	1	1.00
878	2	1.00
878	3	0.87
879	1	1.00
879	2	0.72
880	1	1.00
880	2	1.00
880	3	1.00
880	4	1.00
880	5	0.81
881	1	1.00
881	2	0.61
882	1	1.00
882	2	1.00
882	3	1.00
882	4	1.00
882	5	1.00
882	6	1.00
882	7	1.00
882	8	0.09
883	1	1.00
883	2	1.00
883	3	1.00
883	4	0.60
884	1	1.00
884	2	1.00
884	3	1.00
884	4	0.89
885	1	1.00
885	2	1.00
885	3	1.00
885	4	0.49
886	1	1.00
886	2	1.00
886	3	0.48
887	1	1.00
887	2	1.00
887	3	0.56
888	1	1.00
888	2	1.00
888	3	1.00
888	4	1.00
888	5	1.00
888	6	1.00
888	7	1.00
888	8	1.00
888	9	1.00
888	10	1.00
888	11	0.52
889	1	1.00
889	2	1.00
889	3	1.00
889	4	0.85
890	1	1.00
890	2	1.00
890	3	1.00
890	4	1.00
890	5	1.00
890	6	1.00
890	7	1.00
890	8	1.00
890	9	0.54
891	1	1.00
891	2	1.00
891	3	1.00
891	4	0.53
892	1	1.00
892	2	1.00
892	3	0.68
893	1	1.00
893	2	1.00
893	3	0.78
894	1	1.00
894	2	1.00
894	3	0.22
895	1	1.00
895	2	0.36
896	1	1.00
896	2	1.00
896	3	0.80
897	1	1.00
897	2	1.00
897	3	1.00
897	4	0.56
898	1	1.00
898	2	0.41
899	1	1.00
899	2	0.22
900	1	1.00
900	2	1.00
900	3	1.00
900	4	1.00
900	5	0.50
901	1	1.00
901	2	0.08
902	1	1.00
902	2	1.00
902	3	0.81
903	1	1.00
903	2	1.00
903	3	1.00
903	4	1.00
903	5	1.00
903	6	0.78
904	1	1.00
904	2	0.31
905	1	1.00
905	2	1.00
905	3	1.00
905	4	1.00
905	5	1.00
905	6	0.74
906	1	1.00
906	2	1.00
906	3	1.00
906	4	1.00
906	5	1.00
906	6	1.00
906	7	1.00
906	8	1.00
906	9	1.00
906	10	1.00
906	11	0.84
907	1	1.00
907	2	1.00
907	3	1.00
907	4	0.05
908	1	1.00
908	2	1.00
908	3	1.00
908	4	0.69
909	1	1.00
909	2	1.00
909	3	1.00
909	4	0.21
910	1	1.00
910	2	1.00
910	3	1.00
910	4	0.11
911	1	1.00
911	2	1.00
911	3	1.00
911	4	0.46
912	1	1.00
912	2	1.00
912	3	0.88
913	1	1.00
913	2	1.00
913	3	0.98
914	1	1.00
914	2	1.00
914	3	1.00
914	4	1.00
914	5	1.00
914	6	1.00
914	7	1.00
914	8	1.00
914	9	0.21
915	1	1.00
915	2	1.00
915	3	0.49
916	1	1.00
916	2	1.00
916	3	1.00
916	4	1.00
916	5	0.60
917	1	1.00
917	2	1.00
917	3	1.00
917	4	1.00
917	5	1.00
917	6	1.00
917	7	1.00
917	8	1.00
917	9	1.00
917	10	0.89
918	1	1.00
918	2	1.00
918	3	0.23
919	1	1.00
919	2	1.00
919	3	1.00
919	4	1.00
919	5	0.73
920	1	1.00
920	2	1.00
920	3	1.00
920	4	1.00
920	5	0.52
921	1	1.00
921	2	0.37
922	1	1.00
922	2	1.00
922	3	0.18
923	1	1.00
923	2	0.53
924	1	1.00
924	2	1.00
924	3	1.00
924	4	1.00
924	5	1.00
924	6	1.00
924	7	1.00
924	8	1.00
924	9	1.00
924	10	0.23
925	1	1.00
925	2	0.25
926	1	1.00
926	2	1.00
926	3	1.00
926	4	1.00
926	5	1.00
926	6	1.00
926	7	1.00
926	8	1.00
926	9	0.64
927	1	1.00
927	2	1.00
927	3	1.00
927	4	1.00
927	5	1.00
927	6	1.00
927	7	1.00
927	8	1.00
927	9	1.00
927	10	1.00
927	11	0.52
928	1	1.00
928	2	1.00
928	3	1.00
928	4	1.00
928	5	1.00
928	6	0.05
929	1	1.00
929	2	1.00
929	3	1.00
929	4	0.29
930	1	1.00
930	2	1.00
930	3	1.00
930	4	1.00
930	5	1.00
930	6	0.46
931	1	1.00
931	2	1.00
931	3	1.00
931	4	0.21
932	1	1.00
932	2	1.00
932	3	1.00
932	4	0.80
933	1	1.00
933	2	1.00
933	3	1.00
933	4	0.50
934	1	1.00
934	2	1.00
934	3	0.61
935	1	1.00
935	2	1.00
935	3	1.00
935	4	0.09
936	1	1.00
936	2	1.00
936	3	1.00
936	4	1.00
936	5	1.00
936	6	1.00
936	7	1.00
936	8	0.65
937	1	1.00
937	2	1.00
937	3	1.00
937	4	1.00
937	5	1.00
937	6	1.00
937	7	1.00
937	8	1.00
937	9	1.00
937	10	0.77
938	1	1.00
938	2	1.00
938	3	1.00
938	4	1.00
938	5	0.33
939	1	1.00
939	2	1.00
939	3	0.38
940	1	1.00
940	2	1.00
940	3	1.00
940	4	1.00
940	5	1.00
940	6	1.00
940	7	1.00
940	8	1.00
940	9	1.00
940	10	0.21
941	1	1.00
941	2	1.00
941	3	1.00
941	4	0.94
942	1	1.00
942	2	1.00
942	3	1.00
942	4	1.00
942	5	1.00
942	6	1.00
942	7	1.00
942	8	1.00
942	9	1.00
942	10	0.47
943	1	1.00
943	2	1.00
943	3	1.00
943	4	0.01
944	1	1.00
944	2	1.00
944	3	1.00
944	4	1.00
944	5	1.00
944	6	0.95
945	1	1.00
945	2	1.00
945	3	1.00
945	4	1.00
945	5	0.57
946	1	1.00
946	2	1.00
946	3	1.00
946	4	1.00
946	5	0.26
947	1	1.00
947	2	1.00
947	3	0.39
948	1	1.00
948	2	1.00
948	3	0.72
949	1	1.00
949	2	0.31
950	1	1.00
950	2	1.00
950	3	0.69
951	1	1.00
951	2	1.00
951	3	1.00
951	4	1.00
951	5	0.89
952	1	1.00
952	2	1.00
952	3	1.00
952	4	0.67
953	1	1.00
953	2	0.85
954	1	1.00
954	2	1.00
954	3	0.56
955	1	1.00
955	2	1.00
955	3	1.00
955	4	0.69
956	1	1.00
956	2	1.00
956	3	1.00
956	4	1.00
956	5	1.00
956	6	1.00
956	7	0.38
957	1	1.00
957	2	1.00
957	3	1.00
957	4	0.57
958	1	1.00
958	2	1.00
958	3	1.00
958	4	1.00
958	5	1.00
958	6	0.08
959	1	1.00
959	2	1.00
959	3	1.00
959	4	1.00
959	5	1.00
959	6	1.00
959	7	0.64
960	1	1.00
960	2	1.00
960	3	0.14
961	1	1.00
961	2	1.00
961	3	1.00
961	4	1.00
961	5	1.00
961	6	1.00
961	7	1.00
961	8	1.00
961	9	0.58
962	1	1.00
962	2	1.00
962	3	1.00
962	4	1.00
962	5	1.00
962	6	0.62
963	1	1.00
963	2	1.00
963	3	1.00
963	4	0.00
964	1	1.00
964	2	1.00
964	3	1.00
964	4	0.84
965	1	1.00
965	2	0.21
966	1	1.00
966	2	0.41
967	1	1.00
967	2	1.00
967	3	1.00
967	4	1.00
967	5	1.00
967	6	0.90
968	1	1.00
968	2	1.00
968	3	1.00
968	4	1.00
968	5	1.00
968	6	1.00
969	1	1.00
969	2	1.00
969	3	1.00
969	4	1.00
969	5	0.47
970	1	1.00
970	2	1.00
970	3	1.00
970	4	1.00
970	5	1.00
970	6	1.00
970	7	0.82
971	1	1.00
971	2	1.00
971	3	1.00
971	4	1.00
971	5	1.00
971	6	1.00
971	7	1.00
971	8	1.00
971	9	0.76
972	1	1.00
972	2	1.00
972	3	1.00
972	4	1.00
972	5	1.00
972	6	1.00
972	7	1.00
972	8	1.00
972	9	1.00
972	10	1.00
972	11	0.34
973	1	1.00
973	2	1.00
973	3	1.00
973	4	0.96
974	1	1.00
974	2	1.00
974	3	1.00
974	4	0.95
975	1	1.00
975	2	1.00
975	3	1.00
975	4	0.58
976	1	1.00
976	2	1.00
976	3	1.00
976	4	1.00
976	5	1.00
976	6	1.00
976	7	0.22
977	1	1.00
977	2	1.00
977	3	1.00
977	4	1.00
977	5	0.40
978	1	1.00
978	2	1.00
978	3	1.00
978	4	1.00
978	5	1.00
978	6	0.70
979	1	1.00
979	2	1.00
979	3	1.00
979	4	1.00
979	5	1.00
979	6	1.00
979	7	0.22
980	1	1.00
980	2	1.00
980	3	1.00
980	4	0.86
981	1	1.00
981	2	1.00
981	3	1.00
981	4	1.00
981	5	1.00
981	6	1.00
981	7	0.24
982	1	1.00
982	2	1.00
982	3	0.21
983	1	1.00
983	2	1.00
983	3	1.00
983	4	0.01
984	1	1.00
984	2	0.63
985	1	1.00
985	2	1.00
985	3	1.00
985	4	1.00
985	5	0.58
986	1	1.00
986	2	1.00
986	3	1.00
986	4	0.72
987	1	1.00
987	2	1.00
987	3	1.00
987	4	1.00
987	5	1.00
987	6	1.00
987	7	1.00
987	8	1.00
987	9	0.57
988	1	1.00
988	2	1.00
988	3	1.00
988	4	1.00
988	5	0.12
989	1	1.00
989	2	1.00
989	3	1.00
989	4	1.00
989	5	1.00
989	6	0.63
990	1	1.00
990	2	1.00
990	3	1.00
990	4	0.71
991	1	1.00
991	2	1.00
991	3	1.00
991	4	1.00
991	5	1.00
991	6	0.75
992	1	1.00
992	2	1.00
992	3	1.00
992	4	0.24
993	1	1.00
993	2	1.00
993	3	0.28
994	1	1.00
994	2	1.00
994	3	1.00
994	4	0.75
995	1	1.00
995	2	1.00
995	3	1.00
995	4	1.00
995	5	1.00
995	6	0.52
996	1	1.00
996	2	0.93
997	1	1.00
997	2	1.00
997	3	0.08
998	1	1.00
998	2	1.00
998	3	1.00
998	4	1.00
998	5	1.00
998	6	0.29
999	1	1.00
999	2	1.00
999	3	1.00
999	4	1.00
999	5	1.00
999	6	1.00
999	7	0.40
1000	1	1.00
1000	2	1.00
1000	3	1.00
1000	4	1.00
1000	5	1.00
1000	6	1.00
1000	7	0.89
